9 0.20052083333333334 0.24895833333333334 0.3645833333333333 0.4979166666666667
9 0.9524739583333334 0.5213541666666667 0.07682291666666667 0.23020833333333332
9 0.9388020833333334 0.515625 0.07552083333333333 0.21875
9 0.232421875 0.0578125 0.16536458333333334 0.103125
11 0.2708333333333333 0.11666666666666667 0.13541666666666666 0.022916666666666665
13 0.662109375 0.3109375 0.14973958333333334 0.19479166666666667
11 0.6002604166666666 0.09947916666666666 0.17447916666666666 0.028125
0 0.5247395833333334 0.22291666666666668 0.12239583333333333 0.0875
9 0.9140625 0.4239583333333333 0.013020833333333334 0.014583333333333334
9 0.7122395833333334 0.25729166666666664 0.3984375 0.5145833333333333
7 0.4778645833333333 0.34010416666666665 0.8098958333333334 0.3489583333333333
9 0.016276041666666668 0.5442708333333334 0.024739583333333332 0.08229166666666667
9 0.6536458333333334 0.0421875 0.19270833333333334 0.084375
9 0.4563802083333333 0.050520833333333334 0.62890625 0.10104166666666667
7 0.6002604166666666 0.09947916666666666 0.17447916666666666 0.028125
9 0.05078125 0.7822916666666667 0.0390625 0.12291666666666666
