0 0.517578125 0.2864583333333333 0.14713541666666666 0.1
6 0.205078125 0.23802083333333332 0.13671875 0.08854166666666667
13 0.685546875 0.275 0.22005208333333334 0.21875
11 0.7278645833333334 0.19166666666666668 0.11458333333333333 0.09375
13 0.6796875 0.30833333333333335 0.2265625 0.20625
13 0.24869791666666666 0.2734375 0.140625 0.134375
13 0.2578125 0.2916666666666667 0.2421875 0.2
11 0.2571614583333333 0.16770833333333332 0.10026041666666667 0.06041666666666667
13 0.3111979166666667 0.18177083333333333 0.0390625 0.015625
13 0.205078125 0.23802083333333332 0.13671875 0.08854166666666667
13 0.673828125 0.29375 0.19140625 0.19375
