13 0.6905016008537886 0.25024437927663734 0.10672358591248667 0.12121212121212122
13 0.6787620064034151 0.22140762463343108 0.029882604055496264 0.07135874877810362
13 0.7017075773745998 0.2590420332355816 0.14194236926360726 0.12512218963831867
11 0.24759871931696906 0.7111436950146628 0.03628601921024546 0.03421309872922776
11 0.6291355389541089 0.18621700879765396 0.11205976520811099 0.04594330400782014
13 0.2897545357524013 0.28690127077223854 0.048025613660619 0.0635386119257087
8 0.29882604055496265 0.3040078201368524 0.0192102454642476 0.019550342130987292
0 0.583778014941302 0.3655913978494624 0.12166488794023479 0.15640273704789834
0 0.5811099252934898 0.3587487781036168 0.12700106723585913 0.13294232649071358
3 0.5661686232657417 0.6622678396871945 0.3660618996798292 0.15933528836754643
11 0.3815368196371398 0.19208211143695014 0.16115261472785486 0.0635386119257087
11 0.7732123799359658 0.7438905180840665 0.026680896478121666 0.02346041055718475
8 0.3383137673425827 0.3519061583577713 0.012806830309498399 0.011730205278592375
11 0.37459978655282816 0.18426197458455523 0.08751334044823907 0.04985337243401759
8 0.33671291355389543 0.3509286412512219 0.016008537886873 0.013685239491691105
0 0.5795090715048026 0.35239491691104596 0.13660618996798293 0.13587487781036167
3 0.567769477054429 0.6857282502443792 0.36926360725720386 0.1241446725317693
13 0.3281750266808965 0.301564027370479 0.08004268943436499 0.15151515151515152
