6 0.31884765625 0.61572265625 0.1064453125 0.0693359375
13 0.30322265625 0.4228515625 0.1123046875 0.046875
3 0.56396484375 0.65087890625 0.3798828125 0.1396484375
11 0.3896484375 0.2216796875 0.091796875 0.01953125
8 0.81494140625 0.6015625 0.0205078125 0.0234375
11 0.392578125 0.2236328125 0.10546875 0.02734375
6 0.30615234375 0.42578125 0.1142578125 0.048828125
9 0.2705078125 0.705078125 0.10546875 0.07421875
11 0.63623046875 0.2138671875 0.1240234375 0.03125
3 0.56640625 0.65771484375 0.388671875 0.1552734375
9 0.81494140625 0.6015625 0.0205078125 0.0234375
3 0.5673828125 0.63427734375 0.396484375 0.1923828125
11 0.61328125 0.20703125 0.095703125 0.037109375
11 0.39501953125 0.22314453125 0.1123046875 0.0224609375
0 0.5634765625 0.3720703125 0.099609375 0.107421875
7 0.2705078125 0.705078125 0.10546875 0.07421875
13 0.2939453125 0.419921875 0.103515625 0.0234375
11 0.62646484375 0.212890625 0.1298828125 0.03515625
