7 0.2831541218637993 0.5468909276248726 0.3058542413381123 0.3965341488277268
13 0.7700119474313023 0.3435270132517839 0.2019115890083632 0.06931702344546381
11 0.25806451612903225 0.7415902140672783 0.31780167264038234 0.05606523955147808
1 0.30286738351254483 0.19571865443425077 0.33572281959378736 0.26299694189602446
11 0.13859020310633213 0.7359836901121305 0.06690561529271206 0.08766564729867482
11 0.14456391875746716 0.5545361875637105 0.043010752688172046 0.18960244648318042
13 0.3148148148148148 0.44495412844036697 0.14456391875746716 0.2762487257900102
1 0.2974910394265233 0.23700305810397554 0.2867383512544803 0.32313965341488277
1 0.3160095579450418 0.20591233435270132 0.3022700119474313 0.28338430173292556
10 0.25806451612903225 0.7415902140672783 0.31780167264038234 0.05606523955147808
13 0.2974910394265233 0.23700305810397554 0.2867383512544803 0.32313965341488277
11 0.6881720430107527 0.11467889908256881 0.15053763440860216 0.03771661569826707
2 0.14456391875746716 0.5545361875637105 0.043010752688172046 0.18960244648318042
13 0.8542413381123058 0.45871559633027525 0.035842293906810034 0.06320081549439348
7 0.3160095579450418 0.20591233435270132 0.3022700119474313 0.28338430173292556
