8 0.76484375 0.24648876404494383 0.0328125 0.0351123595505618
11 0.68828125 0.14676966292134833 0.1390625 0.04353932584269663
3 0.62890625 0.6165730337078652 0.4609375 0.13764044943820225
8 0.7609375 0.24578651685393257 0.03125 0.03651685393258427
0 0.60625 0.30969101123595505 0.134375 0.1306179775280899
13 0.759375 0.22542134831460675 0.065625 0.0800561797752809
0 0.6078125 0.31179775280898875 0.140625 0.14606741573033707
3 0.6296875 0.6032303370786517 0.446875 0.1502808988764045
3 0.625 0.6081460674157303 0.4875 0.14887640449438203
0 0.6078125 0.30337078651685395 0.134375 0.1151685393258427
9 0.76484375 0.24648876404494383 0.0328125 0.0351123595505618
13 0.70234375 0.17696629213483145 0.0265625 0.05056179775280899
