12 0.8642578125 0.6171875 0.150390625 0.40625
13 0.2470703125 0.70458984375 0.041015625 0.1279296875
12 0.39111328125 0.24755859375 0.2353515625 0.2529296875
13 0.2373046875 0.7060546875 0.046875 0.14453125
0 0.62353515625 0.35888671875 0.1123046875 0.1650390625
12 0.7412109375 0.46142578125 0.302734375 0.6923828125
7 0.724609375 0.57470703125 0.138671875 0.3173828125
12 0.744140625 0.4560546875 0.318359375 0.6640625
0 0.6123046875 0.35400390625 0.13671875 0.1591796875
11 0.2470703125 0.70458984375 0.041015625 0.1279296875
