8 0.7473958333333334 0.4427083333333333 0.0234375 0.022916666666666665
2 0.7506510416666666 0.44479166666666664 0.016927083333333332 0.01875
8 0.244140625 0.34010416666666665 0.016927083333333332 0.013541666666666667
8 0.7220052083333334 0.359375 0.01171875 0.0125
13 0.70703125 0.33177083333333335 0.0234375 0.023958333333333335
13 0.75 0.44583333333333336 0.018229166666666668 0.01875
2 0.2779947916666667 0.359375 0.12890625 0.075
13 0.2779947916666667 0.359375 0.12890625 0.075
8 0.2760416666666667 0.3390625 0.020833333333333332 0.013541666666666667
13 0.2513020833333333 0.3359375 0.07552083333333333 0.040625
8 0.7109375 0.33125 0.026041666666666668 0.025
8 0.70703125 0.33177083333333335 0.0234375 0.023958333333333335
8 0.75 0.44583333333333336 0.018229166666666668 0.01875
11 0.2923177083333333 0.24479166666666666 0.07421875 0.0375
11 0.2584635416666667 0.2578125 0.11328125 0.065625
11 0.6764322916666666 0.7140625 0.037760416666666664 0.028125
2 0.7154947916666666 0.3411458333333333 0.024739583333333332 0.04479166666666667
8 0.72265625 0.3567708333333333 0.010416666666666666 0.013541666666666667
