0 0.5833333333333334 0.3203125 0.14583333333333334 0.13854166666666667
11 0.3489583333333333 0.16979166666666667 0.14583333333333334 0.035416666666666666
13 0.205078125 0.3171875 0.048177083333333336 0.030208333333333334
3 0.580078125 0.5666666666666667 0.4361979166666667 0.11875
11 0.36328125 0.16666666666666666 0.16927083333333334 0.05
0 0.576171875 0.3104166666666667 0.14192708333333334 0.12708333333333333
13 0.20768229166666666 0.3182291666666667 0.04296875 0.028125
11 0.66015625 0.15364583333333334 0.15885416666666666 0.030208333333333334
13 0.20377604166666666 0.3145833333333333 0.04296875 0.025
11 0.18229166666666666 0.2921875 0.07552083333333333 0.12395833333333334
0 0.58203125 0.3026041666666667 0.13802083333333334 0.109375
3 0.59375 0.575 0.4791666666666667 0.09375
