0 0.490234375 0.2828125 0.10286458333333333 0.07395833333333333
6 0.6145833333333334 0.20208333333333334 0.20833333333333334 0.06666666666666667
10 0.045572916666666664 0.5677083333333334 0.07552083333333333 0.0625
7 0.15690104166666666 0.39375 0.22265625 0.30833333333333335
11 0.5748697916666666 0.15260416666666668 0.20182291666666666 0.05520833333333333
4 0.2975260416666667 0.30625 0.16796875 0.2916666666666667
3 0.4928385416666667 0.5776041666666667 0.4231770833333333 0.134375
6 0.14908854166666666 0.37864583333333335 0.18098958333333334 0.3260416666666667
10 0.11263020833333333 0.559375 0.19661458333333334 0.13333333333333333
4 0.2955729166666667 0.28489583333333335 0.13020833333333334 0.19895833333333332
7 0.302734375 0.34270833333333334 0.11848958333333333 0.3333333333333333
13 0.17708333333333334 0.39010416666666664 0.17447916666666666 0.051041666666666666
11 0.045572916666666664 0.5677083333333334 0.07552083333333333 0.0625
3 0.4830729166666667 0.5541666666666667 0.4739583333333333 0.18125
3 0.4928385416666667 0.5583333333333333 0.4440104166666667 0.14375
0 0.486328125 0.30364583333333334 0.14973958333333334 0.12604166666666666
10 0.13671875 0.5885416666666666 0.21875 0.09583333333333334
7 0.2975260416666667 0.30625 0.16796875 0.2916666666666667
0 0.49609375 0.31302083333333336 0.1484375 0.14479166666666668
