6 0.22005208333333334 0.5885416666666666 0.2916666666666667 0.10625
0 0.5475260416666666 0.2578125 0.12109375 0.10729166666666666
11 0.09700520833333333 0.6223958333333334 0.055989583333333336 0.04895833333333333
10 0.11197916666666667 0.6223958333333334 0.06510416666666667 0.109375
0 0.546875 0.259375 0.1171875 0.09791666666666667
7 0.22005208333333334 0.5885416666666666 0.2916666666666667 0.10625
0 0.5384114583333334 0.2671875 0.13411458333333334 0.12395833333333334
11 0.3020833333333333 0.10052083333333334 0.23958333333333334 0.06354166666666666
10 0.09700520833333333 0.6223958333333334 0.055989583333333336 0.04895833333333333
11 0.3053385416666667 0.09791666666666667 0.20442708333333334 0.06041666666666667
11 0.6145833333333334 0.07708333333333334 0.21614583333333334 0.05416666666666667
11 0.11197916666666667 0.6223958333333334 0.06510416666666667 0.109375
11 0.662109375 0.07239583333333334 0.10286458333333333 0.04895833333333333
3 0.5553385416666666 0.5984375 0.4127604166666667 0.13854166666666667
3 0.552734375 0.578125 0.4466145833333333 0.09166666666666666
