3 0.5403645833333334 0.5546875 0.4192708333333333 0.13229166666666667
7 0.7916666666666666 0.6322916666666667 0.09635416666666667 0.10625
13 0.7955729166666666 0.3421875 0.10416666666666667 0.023958333333333335
3 0.5319010416666666 0.5651041666666666 0.42578125 0.13229166666666667
9 0.134765625 0.565625 0.13151041666666666 0.03958333333333333
13 0.7239583333333334 0.5828125 0.028645833333333332 0.034375
9 0.7591145833333334 0.6317708333333333 0.08333333333333333 0.053125
7 0.7591145833333334 0.6317708333333333 0.08333333333333333 0.053125
0 0.5240885416666666 0.3 0.11328125 0.10833333333333334
13 0.7955729166666666 0.3416666666666667 0.08333333333333333 0.014583333333333334
