0 0.5661853188929001 0.29436769394261425 0.14560770156438027 0.12964930924548354
3 0.5210589651022864 0.8034006376195537 0.457280385078219 0.1742826780021254
13 0.2954271961492178 0.320403825717322 0.17448856799037304 0.31137088204038255
11 0.11070998796630566 0.8411264612114772 0.06979542719614922 0.15834218916046758
6 0.29001203369434414 0.332624867162593 0.2190132370637786 0.27417640807651433
6 0.7382671480144405 0.34484590860786396 0.15282791817087846 0.2454835281615303
13 0.7286401925391095 0.3522848034006376 0.20818291215403129 0.3645058448459086
11 0.11492178098676294 0.8416578108395324 0.05174488567990373 0.07438894792773645
9 0.2539109506618532 0.7964930924548352 0.1299638989169675 0.077577045696068
10 0.11492178098676294 0.8416578108395324 0.05174488567990373 0.07438894792773645
9 0.3140794223826715 0.3602550478214665 0.04091456077015644 0.06588735387885228
13 0.6901323706377858 0.3140276301806589 0.2490974729241877 0.4070138150903294
10 0.11070998796630566 0.8411264612114772 0.06979542719614922 0.15834218916046758
9 0.31167268351383876 0.35812964930924546 0.0457280385078219 0.05526036131774708
0 0.5782190132370638 0.31190223166843783 0.11913357400722022 0.16046758767268862
13 0.2954271961492178 0.25717321997874604 0.19614921780986763 0.2635494155154091
7 0.2539109506618532 0.7964930924548352 0.1299638989169675 0.077577045696068
