13 0.7954545454545454 0.27911164465786314 0.16862170087976538 0.1524609843937575
10 0.0593841642228739 0.6626650660264105 0.03372434017595308 0.031212484993997598
1 0.2932551319648094 0.31392557022809126 0.2844574780058651 0.3517406962785114
4 0.312316715542522 0.19447779111644659 0.07331378299120235 0.04801920768307323
8 0.8504398826979472 0.2539015606242497 0.03519061583577713 0.027611044417767107
13 0.8115835777126099 0.24849939975990396 0.13636363636363635 0.10324129651860744
13 0.29545454545454547 0.3205282112845138 0.2829912023460411 0.32653061224489793
11 0.0593841642228739 0.6626650660264105 0.03372434017595308 0.031212484993997598
8 0.8519061583577713 0.25510204081632654 0.02932551319648094 0.030012004801920768
6 0.2565982404692082 0.3235294117647059 0.11436950146627566 0.09963985594237695
6 0.3027859237536657 0.3055222088835534 0.3152492668621701 0.3637454981992797
13 0.7976539589442815 0.2695078031212485 0.16715542521994134 0.16926770708283315
13 0.2932551319648094 0.31392557022809126 0.2844574780058651 0.3517406962785114
13 0.3027859237536657 0.3055222088835534 0.3152492668621701 0.3637454981992797
