5 0.259748427672956 0.6193619361936193 0.28050314465408804 0.30143014301430143
8 0.24654088050314465 0.3580858085808581 0.09559748427672957 0.06490649064906491
2 0.7396226415094339 0.3107810781078108 0.14088050314465408 0.1419141914191419
2 0.7471698113207547 0.323982398239824 0.12075471698113208 0.09130913091309131
0 0.5163522012578616 0.38228822882288227 0.24779874213836478 0.2299229922992299
2 0.30943396226415093 0.26512651265126513 0.1509433962264151 0.1078107810781078
11 0.29371069182389936 0.16611661166116612 0.16226415094339622 0.052805280528052806
5 0.25031446540880503 0.46259625962596257 0.35974842767295595 0.6281628162816282
8 0.7433962264150943 0.29977997799779976 0.12075471698113208 0.09350935093509351
8 0.2962264150943396 0.21507150715071507 0.033962264150943396 0.025302530253025302
2 0.259748427672956 0.48514851485148514 0.3383647798742138 0.6094609460946094
5 0.7320754716981132 0.4922992299229923 0.3421383647798742 0.6435643564356436
8 0.25345911949685535 0.35533553355335534 0.09182389937106918 0.07260726072607261
5 0.7496855345911949 0.5841584158415841 0.2641509433962264 0.39603960396039606
8 0.36792452830188677 0.42244224422442245 0.03647798742138365 0.028602860286028604
8 0.25534591194968553 0.35973597359735976 0.04779874213836478 0.05500550055005501
5 0.7345911949685534 0.47964796479647964 0.3949685534591195 0.7106710671067107
