13 0.32697947214076245 0.29831932773109243 0.25806451612903225 0.18607442977190877
11 0.13196480938416422 0.9003601440576231 0.08504398826979472 0.09123649459783914
11 0.6759530791788856 0.18667466986794717 0.11730205278592376 0.013205282112845138
10 0.13196480938416422 0.9003601440576231 0.08504398826979472 0.09123649459783914
11 0.9582111436950147 0.9333733493397359 0.04838709677419355 0.05162064825930372
6 0.33357771260997066 0.29891956782713086 0.2859237536656892 0.21368547418967587
10 0.13563049853372433 0.8931572629051621 0.06598240469208211 0.09603841536614646
6 0.3497067448680352 0.2545018007202881 0.2155425219941349 0.15606242496998798
11 0.3885630498533724 0.19207683073229292 0.12023460410557185 0.03841536614645858
11 0.12316715542521994 0.9141656662665066 0.08211143695014662 0.10684273709483794
13 0.33357771260997066 0.29891956782713086 0.2859237536656892 0.21368547418967587
11 0.6920821114369502 0.18187274909963985 0.12903225806451613 0.02040816326530612
9 0.8453079178885631 0.8553421368547419 0.18328445747800587 0.09483793517406963
11 0.9589442815249267 0.9381752701080432 0.04105571847507331 0.0468187274909964
11 0.13563049853372433 0.8931572629051621 0.06598240469208211 0.09603841536614646
11 0.9596774193548387 0.9387755102040817 0.05718475073313783 0.05042016806722689
13 0.3497067448680352 0.2545018007202881 0.2155425219941349 0.15606242496998798
11 0.3533724340175953 0.19807923169267708 0.17595307917888564 0.062424969987995196
10 0.9582111436950147 0.9333733493397359 0.04838709677419355 0.05162064825930372
0 0.6165689149560117 0.39015606242497 0.10997067448680352 0.08643457382953182
10 0.9589442815249267 0.9381752701080432 0.04105571847507331 0.0468187274909964
