13 0.208984375 0.26875 0.13151041666666666 0.08333333333333333
12 0.259765625 0.2526041666666667 0.23307291666666666 0.09895833333333333
11 0.2760416666666667 0.21458333333333332 0.22916666666666666 0.06041666666666667
0 0.5201822916666666 0.375 0.11588541666666667 0.14375
9 0.049479166666666664 0.3072916666666667 0.09114583333333333 0.23333333333333334
11 0.22395833333333334 0.3255208333333333 0.3072916666666667 0.3072916666666667
11 0.13411458333333334 0.3359375 0.08072916666666667 0.11979166666666667
1 0.208984375 0.628125 0.3424479166666667 0.21041666666666667
0 0.5026041666666666 0.3484375 0.12239583333333333 0.09479166666666666
11 0.6022135416666666 0.18802083333333333 0.08203125 0.017708333333333333
7 0.21614583333333334 0.6833333333333333 0.328125 0.12708333333333333
9 0.21614583333333334 0.6833333333333333 0.328125 0.12708333333333333
0 0.51171875 0.37135416666666665 0.12239583333333333 0.13229166666666667
9 0.15494791666666666 0.6552083333333333 0.265625 0.17083333333333334
8 0.3313802083333333 0.46979166666666666 0.08984375 0.07708333333333334
4 0.208984375 0.628125 0.3424479166666667 0.21041666666666667
