7 0.16731770833333334 0.43697916666666664 0.17057291666666666 0.434375
8 0.2838541666666667 0.3255208333333333 0.03125 0.021875
8 0.2845052083333333 0.3265625 0.032552083333333336 0.021875
0 0.50390625 0.29322916666666665 0.10416666666666667 0.06979166666666667
7 0.20572916666666666 0.39479166666666665 0.125 0.3958333333333333
7 0.17317708333333334 0.4359375 0.19791666666666666 0.4635416666666667
8 0.17708333333333334 0.2786458333333333 0.03125 0.021875
8 0.666015625 0.2557291666666667 0.02734375 0.021875
8 0.662109375 0.2546875 0.032552083333333336 0.028125
8 0.6653645833333334 0.25416666666666665 0.03125 0.025
7 0.662109375 0.2546875 0.032552083333333336 0.028125
