8 0.7712765957446809 0.7369402985074627 0.047872340425531915 0.04291044776119403
8 0.7746010638297872 0.738339552238806 0.05452127659574468 0.04011194029850746
13 0.15757978723404256 0.3628731343283582 0.11569148936170212 0.05037313432835821
11 0.11702127659574468 0.8125 0.05851063829787234 0.07835820895522388
3 0.5212765957446809 0.6805037313432836 0.4601063829787234 0.19309701492537312
9 0.7712765957446809 0.7369402985074627 0.047872340425531915 0.04291044776119403
0 0.5731382978723404 0.30923507462686567 0.1356382978723404 0.10167910447761194
10 0.11702127659574468 0.8125 0.05851063829787234 0.07835820895522388
13 0.2925531914893617 0.2332089552238806 0.2127659574468085 0.18470149253731344
6 0.25066489361702127 0.2994402985074627 0.2912234042553192 0.16977611940298507
13 0.25066489361702127 0.2994402985074627 0.2912234042553192 0.16977611940298507
13 0.2466755319148936 0.30923507462686567 0.2752659574468085 0.14832089552238806
0 0.574468085106383 0.3302238805970149 0.15691489361702127 0.13246268656716417
13 0.2712765957446808 0.34375 0.11170212765957446 0.0457089552238806
0 0.5784574468085106 0.3041044776119403 0.13297872340425532 0.08768656716417911
3 0.5232712765957447 0.6576492537313433 0.46675531914893614 0.166044776119403
