11 0.61474609375 0.1484375 0.1279296875 0.048828125
1 0.369140625 0.1953125 0.18359375 0.115234375
13 0.66650390625 0.2138671875 0.0947265625 0.083984375
6 0.677734375 0.22998046875 0.076171875 0.0849609375
6 0.361328125 0.31298828125 0.177734375 0.2333984375
13 0.361328125 0.31298828125 0.177734375 0.2333984375
11 0.384765625 0.19921875 0.1875 0.171875
13 0.390625 0.2783203125 0.0859375 0.119140625
7 0.384765625 0.19921875 0.1875 0.171875
13 0.68115234375 0.23779296875 0.0419921875 0.0654296875
1 0.384765625 0.19921875 0.1875 0.171875
11 0.38623046875 0.17236328125 0.1435546875 0.0830078125
4 0.38818359375 0.28076171875 0.1455078125 0.1962890625
13 0.38818359375 0.28076171875 0.1455078125 0.1962890625
13 0.63671875 0.3310546875 0.087890625 0.095703125
6 0.7138671875 0.44677734375 0.142578125 0.2783203125
