10 0.15966796875 0.748046875 0.0283203125 0.046875
13 0.2958984375 0.21044921875 0.046875 0.0732421875
13 0.318359375 0.26611328125 0.123046875 0.1591796875
7 0.7607421875 0.5986328125 0.064453125 0.09765625
6 0.7607421875 0.5986328125 0.064453125 0.09765625
11 0.6015625 0.1669921875 0.11328125 0.017578125
11 0.15966796875 0.748046875 0.0283203125 0.046875
13 0.6435546875 0.2802734375 0.076171875 0.095703125
9 0.3115234375 0.27294921875 0.142578125 0.1708984375
7 0.21728515625 0.552734375 0.0595703125 0.07421875
6 0.21728515625 0.552734375 0.0595703125 0.07421875
11 0.640625 0.17333984375 0.05078125 0.0263671875
11 0.3193359375 0.1826171875 0.09375 0.044921875
