9 0.2857142857142857 0.09330985915492958 0.1852216748768473 0.15140845070422534
3 0.5625615763546798 0.6302816901408451 0.35467980295566504 0.176056338028169
11 0.20492610837438424 0.644806338028169 0.09458128078817735 0.07834507042253522
10 0.20492610837438424 0.644806338028169 0.09458128078817735 0.07834507042253522
7 0.270935960591133 0.5140845070422535 0.1497536945812808 0.13204225352112675
9 0.2561576354679803 0.38380281690140844 0.3133004926108374 0.198943661971831
7 0.35763546798029555 0.3459507042253521 0.2955665024630542 0.375
11 0.8669950738916257 0.769806338028169 0.035467980295566505 0.06073943661971831
10 0.19310344827586207 0.659330985915493 0.033497536945812804 0.07922535211267606
7 0.41921182266009854 0.44278169014084506 0.09753694581280788 0.14612676056338028
9 0.30049261083743845 0.1382042253521127 0.12216748768472907 0.12147887323943662
11 0.8600985221674877 0.7605633802816901 0.04729064039408867 0.08450704225352113
9 0.10591133004926108 0.9242957746478874 0.0561576354679803 0.13732394366197184
9 0.6714285714285714 0.08582746478873239 0.13497536945812807 0.13468309859154928
9 0.29310344827586204 0.14700704225352113 0.14285714285714285 0.14964788732394366
10 0.8600985221674877 0.7605633802816901 0.04729064039408867 0.08450704225352113
7 0.43004926108374386 0.41813380281690143 0.11724137931034483 0.176056338028169
9 0.09507389162561576 0.5277288732394366 0.1665024630541872 0.37235915492957744
9 0.674384236453202 0.08362676056338028 0.1330049261083744 0.13732394366197184
9 0.2704433497536946 0.3494718309859155 0.3221674876847291 0.3873239436619718
10 0.8669950738916257 0.769806338028169 0.035467980295566505 0.06073943661971831
9 0.07389162561576355 0.6188380281690141 0.1438423645320197 0.7288732394366197
9 0.6926108374384237 0.09375 0.1103448275862069 0.10475352112676056
0 0.5935960591133005 0.3485915492957746 0.10738916256157635 0.09683098591549295
9 0.07980295566502463 0.5382922535211268 0.15763546798029557 0.37764084507042256
11 0.19310344827586207 0.659330985915493 0.033497536945812804 0.07922535211267606
