5 0.3068181818181818 0.6247534516765286 0.18722943722943722 0.20019723865877712
10 0.08603896103896104 0.7889546351084813 0.050865800865800864 0.03747534516765286
10 0.8371212121212122 0.7214003944773175 0.18073593073593072 0.27317554240631164
10 0.8457792207792207 0.6809664694280079 0.16125541125541126 0.21400394477317555
7 0.8392857142857143 0.6928007889546351 0.11147186147186147 0.14891518737672585
6 0.3068181818181818 0.6247534516765286 0.18722943722943722 0.20019723865877712
10 0.08225108225108226 0.7850098619329389 0.0367965367965368 0.06903353057199212
11 0.6693722943722944 0.1247534516765286 0.1396103896103896 0.028599605522682446
10 0.8398268398268398 0.7046351084812623 0.1774891774891775 0.257396449704142
11 0.6774891774891775 0.11883629191321499 0.13636363636363635 0.03254437869822485
11 0.08603896103896104 0.7889546351084813 0.050865800865800864 0.03747534516765286
11 0.08225108225108226 0.7850098619329389 0.0367965367965368 0.06903353057199212
11 0.8398268398268398 0.7046351084812623 0.1774891774891775 0.257396449704142
