2 0.6226826608505998 0.36157894736842106 0.05670665212649945 0.02
5 0.28735005452562706 0.45789473684210524 0.29116684841875684 0.5010526315789474
3 0.5899672846237731 0.6931578947368421 0.460196292257361 0.11894736842105263
3 0.5992366412213741 0.6852631578947368 0.48091603053435117 0.12631578947368421
3 0.5899672846237731 0.6568421052631579 0.4623773173391494 0.15789473684210525
0 0.6101417666303163 0.3405263157894737 0.09923664122137404 0.11052631578947368
0 0.6090512540894221 0.3542105263157895 0.11450381679389313 0.14842105263157895
2 0.5823336968375137 0.3078947368421053 0.04362050163576881 0.030526315789473683
5 0.7622682660850599 0.501578947368421 0.22900763358778625 0.4978947368421053
0 0.6046892039258451 0.34789473684210526 0.12758996728462377 0.13157894736842105
