8 0.7235550708833152 0.2451550387596899 0.04907306434023991 0.040697674418604654
13 0.7813522355507089 0.3386627906976744 0.05779716466739367 0.04748062015503876
11 0.3053435114503817 0.24854651162790697 0.24863685932388221 0.14437984496124032
1 0.31406761177753545 0.3178294573643411 0.183206106870229 0.08333333333333333
13 0.7829880043620502 0.3430232558139535 0.05452562704471101 0.05813953488372093
11 0.3113413304252999 0.25290697674418605 0.2846237731733915 0.17248062015503876
2 0.6723009814612868 0.2364341085271318 0.022900763358778626 0.044573643410852716
11 0.683206106870229 0.16763565891472867 0.22137404580152673 0.06395348837209303
13 0.7808069792802618 0.3439922480620155 0.04798255179934569 0.0562015503875969
2 0.6995637949836423 0.24806201550387597 0.08833151581243184 0.08333333333333333
13 0.3031624863685932 0.35804263565891475 0.20283533260632497 0.15794573643410853
0 0.5801526717557252 0.376453488372093 0.13522355507088332 0.15988372093023256
8 0.722464558342421 0.2451550387596899 0.04689203925845147 0.03488372093023256
1 0.2955288985823337 0.2374031007751938 0.257360959651036 0.09302325581395349
0 0.5812431842966194 0.3696705426356589 0.14394765539803708 0.15988372093023256
2 0.6761177753544165 0.23982558139534885 0.030534351145038167 0.04748062015503876
13 0.8484187568157033 0.40939922480620156 0.04798255179934569 0.06298449612403101
13 0.6995637949836423 0.24806201550387597 0.08833151581243184 0.08333333333333333
13 0.31406761177753545 0.3178294573643411 0.183206106870229 0.08333333333333333
11 0.757360959651036 0.18653100775193798 0.11886586695747 0.07848837209302326
13 0.2998909487459106 0.3173449612403101 0.1875681570338059 0.10949612403100775
2 0.722464558342421 0.2451550387596899 0.04689203925845147 0.03488372093023256
