13 0.7545572916666666 0.4505208333333333 0.061197916666666664 0.03229166666666667
13 0.6979166666666666 0.39010416666666664 0.0625 0.06145833333333333
8 0.8098958333333334 0.6723958333333333 0.018229166666666668 0.017708333333333333
13 0.7180989583333334 0.4296875 0.24609375 0.228125
13 0.20833333333333334 0.4041666666666667 0.09635416666666667 0.041666666666666664
13 0.203125 0.39947916666666666 0.10416666666666667 0.04479166666666667
9 0.8098958333333334 0.6723958333333333 0.018229166666666668 0.017708333333333333
11 0.296875 0.228125 0.1328125 0.07083333333333333
13 0.21809895833333334 0.4015625 0.07682291666666667 0.03854166666666667
11 0.7213541666666666 0.7223958333333333 0.06770833333333333 0.028125
13 0.6803385416666666 0.265625 0.08984375 0.08958333333333333
13 0.7180989583333334 0.33229166666666665 0.16536458333333334 0.26458333333333334
11 0.298828125 0.23333333333333334 0.14973958333333334 0.09583333333333334
