11 0.18557919621749408 0.5908203125 0.04728132387706856 0.046875
0 0.5667848699763594 0.2158203125 0.07446808510638298 0.048828125
5 0.7257683215130024 0.36962890625 0.26004728132387706 0.2939453125
5 0.28368794326241137 0.32861328125 0.19148936170212766 0.4345703125
11 0.6377068557919622 0.08544921875 0.10047281323877069 0.0185546875
11 0.6430260047281324 0.09619140625 0.09692671394799054 0.0322265625
0 0.5608747044917257 0.2373046875 0.10047281323877069 0.0859375
3 0.5638297872340425 0.47216796875 0.37115839243498816 0.1259765625
3 0.5945626477541371 0.4921875 0.40189125295508277 0.125
10 0.18262411347517732 0.59423828125 0.057919621749408984 0.0322265625
5 0.31796690307328607 0.3984375 0.23167848699763594 0.287109375
9 0.7671394799054374 0.36474609375 0.19621749408983452 0.3408203125
6 0.28368794326241137 0.32861328125 0.19148936170212766 0.4345703125
10 0.18557919621749408 0.5908203125 0.04728132387706856 0.046875
5 0.7671394799054374 0.36474609375 0.19621749408983452 0.3408203125
11 0.18262411347517732 0.59423828125 0.057919621749408984 0.0322265625
6 0.7257683215130024 0.36962890625 0.26004728132387706 0.2939453125
6 0.2966903073286052 0.39306640625 0.27423167848699764 0.3564453125
5 0.2966903073286052 0.39306640625 0.27423167848699764 0.3564453125
13 0.7671394799054374 0.36474609375 0.19621749408983452 0.3408203125
3 0.5957446808510638 0.50048828125 0.425531914893617 0.0595703125
0 0.5691489361702128 0.2353515625 0.10283687943262411 0.091796875
11 0.3859338061465721 0.09521484375 0.11702127659574468 0.0244140625
13 0.31796690307328607 0.3984375 0.23167848699763594 0.287109375
9 0.31796690307328607 0.3984375 0.23167848699763594 0.287109375
6 0.7245862884160756 0.30419921875 0.2127659574468085 0.3251953125
5 0.7245862884160756 0.30419921875 0.2127659574468085 0.3251953125
