13 0.7955729166666666 0.49114583333333334 0.049479166666666664 0.03229166666666667
7 0.6686197916666666 0.3 0.14192708333333334 0.06875
2 0.5787760416666666 0.4046875 0.014322916666666666 0.030208333333333334
0 0.5481770833333334 0.39739583333333334 0.10416666666666667 0.09270833333333334
13 0.6614583333333334 0.31979166666666664 0.2265625 0.14791666666666667
6 0.6614583333333334 0.31979166666666664 0.2265625 0.14791666666666667
13 0.6614583333333334 0.3026041666666667 0.1953125 0.09270833333333334
6 0.6614583333333334 0.3026041666666667 0.1953125 0.09270833333333334
13 0.794921875 0.490625 0.045572916666666664 0.03125
13 0.7981770833333334 0.4979166666666667 0.0703125 0.04375
