6 0.8240489130434783 0.6573660714285714 0.18614130434782608 0.5758928571428571
8 0.41372282608695654 0.5558035714285714 0.17527173913043478 0.19196428571428573
7 0.38722826086956524 0.3588169642857143 0.24728260869565216 0.18861607142857142
7 0.813858695652174 0.6233258928571429 0.18478260869565216 0.5837053571428571
5 0.7989130434782609 0.6238839285714286 0.22010869565217392 0.6160714285714286
7 0.41372282608695654 0.5558035714285714 0.17527173913043478 0.19196428571428573
4 0.26834239130434784 0.48828125 0.2296195652173913 0.17522321428571427
7 0.3267663043478261 0.4955357142857143 0.26766304347826086 0.2544642857142857
4 0.32404891304347827 0.5172991071428571 0.28125 0.23102678571428573
11 0.3845108695652174 0.30245535714285715 0.25271739130434784 0.10714285714285714
5 0.29279891304347827 0.5479910714285714 0.4171195652173913 0.5647321428571429
6 0.38722826086956524 0.3588169642857143 0.24728260869565216 0.18861607142857142
4 0.3267663043478261 0.4955357142857143 0.26766304347826086 0.2544642857142857
6 0.813858695652174 0.6233258928571429 0.18478260869565216 0.5837053571428571
