1 0.36669921875 0.21484375 0.1494140625 0.19140625
7 0.30419921875 0.580078125 0.1123046875 0.083984375
10 0.244140625 0.609375 0.138671875 0.09765625
11 0.244140625 0.609375 0.138671875 0.09765625
7 0.3232421875 0.572265625 0.19140625 0.138671875
1 0.3505859375 0.2333984375 0.205078125 0.201171875
10 0.251953125 0.63427734375 0.125 0.1943359375
10 0.28759765625 0.546875 0.1923828125 0.1796875
9 0.4619140625 0.2197265625 0.08984375 0.193359375
11 0.36572265625 0.19970703125 0.2373046875 0.1298828125
13 0.32373046875 0.40869140625 0.0966796875 0.3505859375
