4 0.2643229166666667 0.5234375 0.1484375 0.11770833333333333
8 0.3196614583333333 0.3796875 0.11067708333333333 0.10104166666666667
5 0.19075520833333334 0.49375 0.10546875 0.22291666666666668
0 0.5188802083333334 0.3260416666666667 0.12369791666666667 0.11458333333333333
5 0.7265625 0.5427083333333333 0.11197916666666667 0.24375
11 0.3424479166666667 0.165625 0.16927083333333334 0.035416666666666666
5 0.708984375 0.5234375 0.16536458333333334 0.284375
8 0.31640625 0.384375 0.125 0.10625
8 0.3203125 0.38385416666666666 0.1171875 0.115625
0 0.5325520833333334 0.31927083333333334 0.11458333333333333 0.10520833333333333
5 0.21158854166666666 0.5192708333333333 0.22265625 0.24270833333333333
11 0.69140625 0.20572916666666666 0.109375 0.09270833333333334
7 0.3196614583333333 0.3796875 0.11067708333333333 0.10104166666666667
5 0.7076822916666666 0.525 0.14973958333333334 0.2875
5 0.19270833333333334 0.5265625 0.23177083333333334 0.21145833333333333
13 0.2643229166666667 0.5234375 0.1484375 0.11770833333333333
0 0.5364583333333334 0.3171875 0.09895833333333333 0.109375
