3 0.6036269430051814 0.671957671957672 0.46528497409326425 0.18871252204585537
10 0.15906735751295337 0.7504409171075838 0.09637305699481866 0.11992945326278659
4 0.2528497409326425 0.4916225749559083 0.12435233160621761 0.10493827160493827
9 0.900518134715026 0.7288359788359788 0.11398963730569948 0.1402116402116402
7 0.43005181347150256 0.3152557319223986 0.13264248704663212 0.23544973544973544
11 0.17979274611398963 0.5030864197530864 0.11088082901554404 0.36596119929453264
7 0.900518134715026 0.7288359788359788 0.11398963730569948 0.1402116402116402
11 0.7155440414507772 0.20282186948853614 0.24766839378238342 0.09523809523809523
7 0.26373056994818656 0.4916225749559083 0.09430051813471503 0.10846560846560846
7 0.41243523316062175 0.30687830687830686 0.12849740932642487 0.2275132275132275
10 0.2559585492227979 0.5220458553791887 0.25699481865284973 0.6701940035273368
2 0.19740932642487047 0.4166666666666667 0.0383419689119171 0.06613756613756613
11 0.15906735751295337 0.7504409171075838 0.09637305699481866 0.11992945326278659
0 0.6321243523316062 0.33201058201058203 0.12642487046632125 0.1419753086419753
10 0.15284974093264247 0.7288359788359788 0.05699481865284974 0.07848324514991181
5 0.3051813471502591 0.4792768959435626 0.17305699481865286 0.40476190476190477
13 0.3051813471502591 0.4792768959435626 0.17305699481865286 0.40476190476190477
3 0.6088082901554405 0.6490299823633157 0.44455958549222796 0.21693121693121692
9 0.3051813471502591 0.4792768959435626 0.17305699481865286 0.40476190476190477
5 0.27202072538860106 0.4911816578483245 0.20621761658031088 0.4409171075837742
11 0.23834196891191708 0.4708994708994709 0.22797927461139897 0.5114638447971781
13 0.8072538860103627 0.45943562610229277 0.19896373056994818 0.3492063492063492
0 0.6217616580310881 0.3342151675485009 0.14300518134715026 0.15696649029982362
2 0.1927461139896373 0.42504409171075835 0.029015544041450778 0.059964726631393295
2 0.17979274611398963 0.5030864197530864 0.11088082901554404 0.36596119929453264
5 0.8072538860103627 0.45943562610229277 0.19896373056994818 0.3492063492063492
5 0.8088082901554404 0.49603174603174605 0.2559585492227979 0.5511463844797179
9 0.8072538860103627 0.45943562610229277 0.19896373056994818 0.3492063492063492
