3 0.51953125 0.5283203125 0.341796875 0.10546875
11 0.3681640625 0.1474609375 0.13671875 0.033203125
11 0.3564453125 0.14453125 0.076171875 0.029296875
0 0.52392578125 0.30126953125 0.0908203125 0.0869140625
3 0.5302734375 0.52392578125 0.3671875 0.1005859375
0 0.53759765625 0.32470703125 0.1044921875 0.1240234375
11 0.60498046875 0.1484375 0.0888671875 0.025390625
11 0.59521484375 0.14697265625 0.1025390625 0.0341796875
3 0.52734375 0.5390625 0.375 0.111328125
0 0.53125 0.3046875 0.076171875 0.087890625
