11 0.6997635933806147 0.2119140625 0.14184397163120568 0.11328125
13 0.6908983451536643 0.29345703125 0.2044917257683215 0.1982421875
13 0.6903073286052009 0.2978515625 0.20803782505910165 0.255859375
5 0.2771867612293144 0.560546875 0.1595744680851064 0.115234375
11 0.7972813238770685 0.61669921875 0.0768321513002364 0.2275390625
10 0.8008274231678487 0.61669921875 0.08865248226950355 0.2470703125
7 0.7163120567375887 0.5771484375 0.14893617021276595 0.19921875
13 0.6743498817966903 0.3076171875 0.24940898345153664 0.255859375
11 0.7972813238770685 0.60791015625 0.09574468085106383 0.2568359375
10 0.8173758865248227 0.7314453125 0.06264775413711583 0.078125
7 0.7559101654846335 0.595703125 0.1524822695035461 0.228515625
11 0.8008274231678487 0.61669921875 0.08865248226950355 0.2470703125
6 0.6743498817966903 0.3076171875 0.24940898345153664 0.255859375
