2 0.6341607565011821 0.48095703125 0.08865248226950355 0.1904296875
2 0.8392434988179669 0.50634765625 0.01182033096926714 0.0126953125
8 0.8416075650118203 0.509765625 0.01182033096926714 0.01171875
13 0.8286052009456265 0.70849609375 0.04018912529550828 0.0224609375
9 0.34397163120567376 0.51611328125 0.04964539007092199 0.0556640625
9 0.6323877068557919 0.47802734375 0.07801418439716312 0.1923828125
2 0.6323877068557919 0.47802734375 0.07801418439716312 0.1923828125
2 0.34397163120567376 0.51611328125 0.04964539007092199 0.0556640625
2 0.8262411347517731 0.70458984375 0.037825059101654845 0.0224609375
2 0.8274231678486997 0.7060546875 0.0425531914893617 0.025390625
