13 0.7436619718309859 0.5670955882352942 0.17652582159624414 0.09191176470588236
13 0.7816901408450704 0.6691176470588235 0.11737089201877934 0.03125
13 0.18967136150234742 0.8014705882352942 0.09201877934272301 0.06433823529411764
13 0.7455399061032864 0.6613051470588235 0.0431924882629108 0.03400735294117647
13 0.6981220657276995 0.5588235294117647 0.2056338028169014 0.12867647058823528
13 0.28497652582159627 0.6024816176470589 0.07605633802816901 0.06709558823529412
13 0.2784037558685446 0.5909926470588235 0.07605633802816901 0.025735294117647058
0 0.5694835680751174 0.4568014705882353 0.09859154929577464 0.10661764705882353
13 0.8323943661971831 0.6750919117647058 0.07981220657276995 0.019301470588235295
0 0.5704225352112676 0.4499080882352941 0.107981220657277 0.09466911764705882
