8 0.7354340071343638 0.19517795637198623 0.020214030915576695 0.02066590126291619
11 0.6753864447086801 0.16303099885189437 0.20689655172413793 0.10332950631458095
13 0.6617122473246135 0.20321469575200918 0.093935790725327 0.11251435132032148
0 0.5505350772889417 0.31630309988518945 0.1117717003567182 0.13432835820895522
8 0.7734839476813318 0.3208955223880597 0.036860879904875146 0.03559127439724455
2 0.7550535077288941 0.24913892078071181 0.030915576694411414 0.04362801377726751
13 0.7354340071343638 0.19517795637198623 0.020214030915576695 0.02066590126291619
2 0.7699167657550535 0.317451205510907 0.04399524375743163 0.040183696900114814
13 0.31391200951248516 0.16819747416762343 0.019024970273483946 0.07462686567164178
0 0.5505350772889417 0.3266360505166475 0.13555291319857313 0.14810562571756603
2 0.7615933412604042 0.26234213547646384 0.07253269916765755 0.15958668197474168
8 0.7520808561236623 0.23938002296211253 0.04399524375743163 0.030998851894374284
13 0.6813317479191439 0.18427095292766935 0.13793103448275862 0.08151549942594719
0 0.549346016646849 0.3082663605051665 0.10939357907253269 0.12743972445464982
13 0.31093935790725324 0.16991963260619977 0.020214030915576695 0.08266360505166476
11 0.5915576694411415 0.13605051664753157 0.11771700356718193 0.030998851894374284
13 0.3162901307966706 0.20034443168771526 0.04042806183115339 0.13662456946039037
13 0.7520808561236623 0.23938002296211253 0.04399524375743163 0.030998851894374284
13 0.7734839476813318 0.3208955223880597 0.036860879904875146 0.03559127439724455
