8 0.6263020833333334 0.32395833333333335 0.0703125 0.08333333333333333
8 0.7630208333333334 0.6291666666666667 0.033854166666666664 0.03125
9 0.3274739583333333 0.42552083333333335 0.08203125 0.140625
8 0.240234375 0.6286458333333333 0.061197916666666664 0.03854166666666667
8 0.197265625 0.4713541666666667 0.07161458333333333 0.046875
8 0.7604166666666666 0.34739583333333335 0.03125 0.034375
8 0.6263020833333334 0.3265625 0.08333333333333333 0.10104166666666667
8 0.2688802083333333 0.40520833333333334 0.040364583333333336 0.041666666666666664
8 0.2513020833333333 0.5526041666666667 0.046875 0.040625
8 0.638671875 0.40729166666666666 0.04296875 0.041666666666666664
8 0.15885416666666666 0.540625 0.049479166666666664 0.035416666666666666
8 0.7395833333333334 0.39739583333333334 0.036458333333333336 0.036458333333333336
0 0.5501302083333334 0.33958333333333335 0.12109375 0.1
8 0.21484375 0.35208333333333336 0.049479166666666664 0.041666666666666664
8 0.11848958333333333 0.5973958333333333 0.046875 0.030208333333333334
8 0.7623697916666666 0.47760416666666666 0.13151041666666666 0.3697916666666667
8 0.7649739583333334 0.34270833333333334 0.029947916666666668 0.027083333333333334
8 0.15169270833333334 0.6416666666666667 0.061197916666666664 0.04375
8 0.18880208333333334 0.6026041666666667 0.049479166666666664 0.03229166666666667
8 0.20247395833333334 0.5244791666666667 0.2565104166666667 0.359375
8 0.611328125 0.321875 0.11588541666666667 0.09583333333333334
8 0.166015625 0.4119791666666667 0.040364583333333336 0.028125
