9 0.787109375 0.55625 0.17317708333333334 0.2791666666666667
0 0.564453125 0.3098958333333333 0.11067708333333333 0.128125
10 0.09244791666666667 0.7140625 0.044270833333333336 0.036458333333333336
9 0.158203125 0.578125 0.05859375 0.052083333333333336
11 0.09244791666666667 0.7140625 0.044270833333333336 0.036458333333333336
9 0.7493489583333334 0.4505208333333333 0.2669270833333333 0.515625
0 0.5709635416666666 0.3145833333333333 0.09765625 0.11875
11 0.8834635416666666 0.7953125 0.02734375 0.036458333333333336
13 0.732421875 0.2609375 0.20182291666666666 0.146875
10 0.8834635416666666 0.7953125 0.02734375 0.036458333333333336
6 0.158203125 0.578125 0.05859375 0.052083333333333336
11 0.7369791666666666 0.44166666666666665 0.265625 0.5208333333333334
0 0.4934895833333333 0.34427083333333336 0.2630208333333333 0.17395833333333333
