6 0.2789598108747045 0.40234375 0.1536643026004728 0.279296875
7 0.2789598108747045 0.40234375 0.1536643026004728 0.279296875
0 0.5437352245862884 0.27587890625 0.10638297872340426 0.0927734375
5 0.3008274231678487 0.40576171875 0.20212765957446807 0.3251953125
5 0.7275413711583925 0.291015625 0.14775413711583923 0.0859375
6 0.28191489361702127 0.427734375 0.20212765957446807 0.30078125
5 0.28191489361702127 0.427734375 0.20212765957446807 0.30078125
13 0.3008274231678487 0.40576171875 0.20212765957446807 0.3251953125
5 0.7050827423167849 0.2861328125 0.16430260047281323 0.142578125
13 0.7275413711583925 0.291015625 0.14775413711583923 0.0859375
