0 0.5655555555555556 0.32349602724177073 0.13555555555555557 0.14755959137343927
8 0.8072222222222222 0.5788876276958003 0.06555555555555556 0.0771850170261067
3 0.6033333333333334 0.662883087400681 0.4533333333333333 0.15209988649262202
8 0.7933333333333333 0.7224744608399546 0.035555555555555556 0.028376844494892167
0 0.5866666666666667 0.3286038592508513 0.10444444444444445 0.14188422247446084
8 0.8055555555555556 0.5777525539160046 0.06888888888888889 0.07037457434733257
8 0.8383333333333334 0.6424517593643587 0.023333333333333334 0.02724177071509648
8 0.805 0.5800227014755959 0.058888888888888886 0.06356413166855845
8 0.8233333333333334 0.6498297389330306 0.051111111111111114 0.04880817253121453
3 0.5994444444444444 0.6838819523269013 0.45222222222222225 0.16912599318955732
7 0.7294444444444445 0.6980703745743473 0.04777777777777778 0.06356413166855845
0 0.5633333333333334 0.30930760499432464 0.12666666666666668 0.13280363223609534
7 0.8372222222222222 0.6441543700340522 0.016666666666666666 0.019296254256526674
8 0.7361111111111112 0.7009080590238366 0.04111111111111111 0.046538024971623154
