11 0.10433467741935484 0.6819541375872383 0.04939516129032258 0.053838484546360914
10 0.1123991935483871 0.6859421734795613 0.04939516129032258 0.06979062811565304
10 0.10433467741935484 0.6819541375872383 0.04939516129032258 0.053838484546360914
0 0.5584677419354839 0.2706879361914257 0.1028225806451613 0.09072781655034895
5 0.2505040322580645 0.4097706879361914 0.2368951612903226 0.40279162512462613
11 0.1123991935483871 0.6859421734795613 0.04939516129032258 0.06979062811565304
0 0.5584677419354839 0.2846460618145563 0.10887096774193548 0.1226321036889332
0 0.561491935483871 0.2831505483549352 0.10080645161290322 0.11166500498504486
5 0.7913306451612904 0.540877367896311 0.16733870967741934 0.15453639082751744
5 0.7817540322580645 0.4481555333998006 0.24294354838709678 0.4217347956131605
