13 0.1191827468785471 0.8147465437788018 0.08399545970488081 0.03870967741935484
13 0.12145289443813848 0.815668202764977 0.09307604994324631 0.03686635944700461
13 0.17990919409761635 0.6534562211981567 0.19863791146424517 0.06451612903225806
0 0.5278093076049943 0.3728110599078341 0.14074914869466515 0.0967741935483871
13 0.3280363223609535 0.7949308755760369 0.1543700340522134 0.035944700460829496
0 0.5232690124858116 0.3861751152073733 0.1362088535754824 0.11981566820276497
13 0.322360953461975 0.7912442396313364 0.2133938706015891 0.034101382488479264
13 0.1282633371169126 0.7414746543778802 0.09988649262202043 0.03963133640552995
13 0.13053348467650397 0.7410138248847926 0.10442678774120318 0.04608294930875576
13 0.1373439273552781 0.6714285714285714 0.13166855845629966 0.047004608294930875
10 0.24801362088535756 0.871889400921659 0.35527809307604996 0.08847926267281106
13 0.141316685584563 0.6755760368663595 0.1532349602724177 0.0423963133640553
