8 0.8248554913294798 0.5042149631190727 0.06127167630057803 0.06217070600632244
10 0.8890173410404625 0.660168598524763 0.06473988439306358 0.07481559536354057
9 0.5416184971098266 0.1733403582718651 0.10982658959537572 0.3129610115911486
11 0.9011560693641618 0.6870389884088515 0.047398843930635835 0.06322444678609063
7 0.830635838150289 0.5094836670179136 0.09595375722543352 0.08113804004214963
6 0.830635838150289 0.5094836670179136 0.09595375722543352 0.08113804004214963
11 0.9040462427745665 0.6801896733403583 0.016184971098265895 0.030558482613277135
11 0.8890173410404625 0.660168598524763 0.06473988439306358 0.07481559536354057
0 0.6017341040462427 0.2892518440463646 0.10289017341040463 0.10221285563751317
8 0.830635838150289 0.5131717597471022 0.06820809248554913 0.06743940990516333
11 0.13236994219653178 0.6933614330874605 0.058959537572254334 0.08008429926238145
