10 0.272964509394572 0.834319526627219 0.34342379958246344 0.05917159763313609
9 0.424321503131524 0.2988165680473373 0.05323590814196242 0.22879684418145957
10 0.12734864300626306 0.8269230769230769 0.06889352818371608 0.07988165680473373
11 0.12734864300626306 0.8269230769230769 0.06889352818371608 0.07988165680473373
13 0.20981210855949894 0.7366863905325444 0.21711899791231734 0.047337278106508875
13 0.2740083507306889 0.618836291913215 0.19937369519832984 0.131163708086785
9 0.5360125260960334 0.5083826429980276 0.2620041753653445 0.6715976331360947
13 0.24425887265135698 0.7337278106508875 0.2359081419624217 0.07692307692307693
13 0.2776617954070981 0.6232741617357002 0.20041753653444677 0.11834319526627218
13 0.24112734864300625 0.6030571992110454 0.15031315240083507 0.11538461538461539
13 0.23329853862212943 0.7317554240631163 0.24947807933194155 0.0650887573964497
10 0.2531315240083507 0.8362919132149902 0.32254697286012524 0.05917159763313609
9 0.5323590814196242 0.502465483234714 0.2818371607515658 0.6538461538461539
