9 0.08203125 0.4864583333333333 0.1640625 0.5708333333333333
9 0.310546875 0.10885416666666667 0.18098958333333334 0.20520833333333333
0 0.5625 0.40260416666666665 0.109375 0.109375
13 0.18359375 0.5432291666666667 0.13020833333333334 0.036458333333333336
9 0.328125 0.0890625 0.11197916666666667 0.16770833333333332
9 0.087890625 0.46979166666666666 0.17578125 0.5583333333333333
9 0.21614583333333334 0.4875 0.4270833333333333 0.5083333333333333
13 0.19010416666666666 0.5447916666666667 0.12760416666666666 0.03125
9 0.318359375 0.571875 0.053385416666666664 0.03125
13 0.279296875 0.24427083333333333 0.08203125 0.036458333333333336
13 0.19010416666666666 0.5442708333333334 0.1171875 0.030208333333333334
