9 0.4049479166666667 0.15625 0.0234375 0.020833333333333332
9 0.4869791666666667 0.434375 0.11197916666666667 0.35208333333333336
9 0.07096354166666667 0.19739583333333333 0.06901041666666667 0.05520833333333333
9 0.3763020833333333 0.24583333333333332 0.0234375 0.04375
9 0.708984375 0.140625 0.022135416666666668 0.01875
9 0.2513020833333333 0.2791666666666667 0.020833333333333332 0.014583333333333334
8 0.4049479166666667 0.15625 0.0234375 0.020833333333333332
13 0.22265625 0.4942708333333333 0.0703125 0.03854166666666667
8 0.22265625 0.4942708333333333 0.0703125 0.03854166666666667
9 0.23177083333333334 0.4348958333333333 0.020833333333333332 0.017708333333333333
9 0.7578125 0.41875 0.026041666666666668 0.020833333333333332
9 0.22200520833333334 0.390625 0.41015625 0.5375
9 0.21875 0.4901041666666667 0.0625 0.04479166666666667
8 0.21875 0.4901041666666667 0.0625 0.04479166666666667
9 0.724609375 0.39427083333333335 0.3580729166666667 0.5885416666666666
8 0.734375 0.4630208333333333 0.046875 0.034375
9 0.7916666666666666 0.4317708333333333 0.018229166666666668 0.011458333333333333
9 0.244140625 0.40208333333333335 0.01953125 0.014583333333333334
8 0.21809895833333334 0.48802083333333335 0.06640625 0.04895833333333333
