0 0.5481770833333334 0.33177083333333335 0.1328125 0.11979166666666667
6 0.7786458333333334 0.6723958333333333 0.2109375 0.284375
0 0.5631510416666666 0.3416666666666667 0.11848958333333333 0.11041666666666666
3 0.5540364583333334 0.6598958333333333 0.44921875 0.16354166666666667
8 0.20182291666666666 0.5958333333333333 0.2864583333333333 0.38333333333333336
8 0.8606770833333334 0.7130208333333333 0.0234375 0.017708333333333333
8 0.6966145833333334 0.478125 0.028645833333333332 0.020833333333333332
8 0.13802083333333334 0.6520833333333333 0.046875 0.041666666666666664
6 0.22005208333333334 0.640625 0.2760416666666667 0.31875
8 0.80078125 0.6052083333333333 0.020833333333333332 0.014583333333333334
8 0.8561197916666666 0.7463541666666667 0.016927083333333332 0.017708333333333333
8 0.7747395833333334 0.6260416666666667 0.23697916666666666 0.37916666666666665
13 0.22005208333333334 0.640625 0.2760416666666667 0.31875
8 0.21614583333333334 0.6328125 0.020833333333333332 0.015625
8 0.2805989583333333 0.7052083333333333 0.022135416666666668 0.016666666666666666
8 0.6803385416666666 0.5354166666666667 0.022135416666666668 0.016666666666666666
0 0.560546875 0.340625 0.12630208333333334 0.12708333333333333
3 0.5631510416666666 0.696875 0.47265625 0.12083333333333333
13 0.7786458333333334 0.6723958333333333 0.2109375 0.284375
