11 0.7435500515995872 0.07713963963963964 0.2218782249742002 0.08220720720720721
11 0.7492260061919505 0.07713963963963964 0.23323013415892674 0.10472972972972973
7 0.3539731682146543 0.36317567567567566 0.22084623323013416 0.3344594594594595
11 0.3684210526315789 0.13963963963963963 0.17131062951496387 0.17342342342342343
13 0.37100103199174406 0.2894144144144144 0.21775025799793601 0.3333333333333333
5 0.37100103199174406 0.2894144144144144 0.21775025799793601 0.3333333333333333
6 0.7770897832817337 0.2511261261261261 0.22910216718266255 0.25675675675675674
5 0.7672858617131063 0.2179054054054054 0.20949432404540763 0.2849099099099099
6 0.3539731682146543 0.36317567567567566 0.22084623323013416 0.3344594594594595
0 0.6289989680082559 0.28603603603603606 0.11867905056759546 0.15990990990990991
1 0.38080495356037153 0.134009009009009 0.17750257997936017 0.15990990990990991
13 0.7672858617131063 0.2179054054054054 0.20949432404540763 0.2849099099099099
13 0.3560371517027864 0.2849099099099099 0.17543859649122806 0.20270270270270271
11 0.7450980392156863 0.0731981981981982 0.18369453044375644 0.05405405405405406
13 0.7636738906088751 0.20439189189189189 0.17956656346749225 0.25563063063063063
7 0.7770897832817337 0.2511261261261261 0.22910216718266255 0.25675675675675674
11 0.3632610939112487 0.16103603603603603 0.19607843137254902 0.15765765765765766
