11 0.1101159114857745 0.8427021696252466 0.045310853530031614 0.08777120315581854
8 0.34351949420442573 0.6055226824457594 0.12223393045310854 0.1301775147928994
10 0.10853530031612224 0.8510848126232742 0.0821917808219178 0.11045364891518737
11 0.11907270811380401 0.849112426035503 0.07586933614330875 0.14003944773175542
9 0.3429926238145416 0.6267258382642998 0.1232876712328767 0.14299802761341224
8 0.3429926238145416 0.6267258382642998 0.1232876712328767 0.14299802761341224
11 0.10853530031612224 0.8510848126232742 0.0821917808219178 0.11045364891518737
9 0.12750263435194942 0.606508875739645 0.04847207586933614 0.11637080867850098
7 0.34351949420442573 0.6055226824457594 0.12223393045310854 0.1301775147928994
8 0.34193888303477343 0.6198224852071006 0.10853530031612224 0.1291913214990138
10 0.1101159114857745 0.8427021696252466 0.045310853530031614 0.08777120315581854
11 0.12750263435194942 0.606508875739645 0.04847207586933614 0.11637080867850098
