3 0.5514322916666666 0.6395833333333333 0.44921875 0.20625
10 0.787109375 0.7609375 0.12369791666666667 0.153125
7 0.787109375 0.725 0.07421875 0.09166666666666666
7 0.4166666666666667 0.3458333333333333 0.078125 0.10416666666666667
10 0.7923177083333334 0.7223958333333333 0.14192708333333334 0.184375
4 0.21484375 0.40729166666666666 0.09635416666666667 0.075
7 0.21549479166666666 0.5786458333333333 0.17317708333333334 0.10729166666666666
10 0.2109375 0.6234375 0.25 0.271875
3 0.5338541666666666 0.64375 0.4661458333333333 0.20208333333333334
10 0.23111979166666666 0.6223958333333334 0.2877604166666667 0.19270833333333334
7 0.20442708333333334 0.5713541666666667 0.1796875 0.07604166666666666
7 0.234375 0.5625 0.2526041666666667 0.11666666666666667
10 0.197265625 0.6213541666666667 0.22265625 0.21770833333333334
4 0.3307291666666667 0.49947916666666664 0.12760416666666666 0.084375
4 0.21549479166666666 0.5786458333333333 0.17317708333333334 0.10729166666666666
6 0.22721354166666666 0.4041666666666667 0.07161458333333333 0.0625
10 0.7916666666666666 0.7348958333333333 0.16666666666666666 0.12604166666666666
8 0.4166666666666667 0.3458333333333333 0.078125 0.10416666666666667
7 0.22265625 0.40520833333333334 0.052083333333333336 0.06875
