8 0.286368843069874 0.5800209205020921 0.029782359679266894 0.021966527196652718
8 0.19358533791523483 0.5496861924686193 0.025200458190148912 0.01778242677824268
8 0.7703321878579611 0.45502092050209203 0.033218785796105384 0.02510460251046025
8 0.19644902634593356 0.32426778242677823 0.021764032073310423 0.02092050209205021
11 0.38831615120274915 0.10251046025104603 0.10309278350515463 0.03765690376569038
8 0.284077892325315 0.3833682008368201 0.027491408934707903 0.02405857740585774
0 0.5979381443298969 0.28085774058577406 0.16494845360824742 0.14330543933054393
8 0.1970217640320733 0.5502092050209205 0.027491408934707903 0.027196652719665274
8 0.7726231386025201 0.45763598326359833 0.026345933562428408 0.02405857740585774
8 0.6632302405498282 0.41161087866108786 0.038946162657502864 0.021966527196652718
8 0.6660939289805269 0.4215481171548117 0.05154639175257732 0.04602510460251046
8 0.7823596792668958 0.4895397489539749 0.029782359679266894 0.02510460251046025
8 0.6878579610538373 0.20031380753138076 0.030927835051546393 0.028242677824267783
0 0.6093928980526919 0.2625523012552301 0.12371134020618557 0.13389121338912133
13 0.8281786941580757 0.5664225941422594 0.027491408934707903 0.02405857740585774
8 0.25143184421534936 0.4356694560669456 0.026345933562428408 0.021966527196652718
8 0.1958762886597938 0.5507322175732218 0.032073310423825885 0.021966527196652718
9 0.1970217640320733 0.5502092050209205 0.027491408934707903 0.027196652719665274
0 0.5996563573883161 0.26464435146443516 0.143184421534937 0.11715481171548117
8 0.6615120274914089 0.49215481171548114 0.044673539518900345 0.04079497907949791
8 0.25372279495990835 0.5962343096234309 0.030927835051546393 0.02510460251046025
8 0.19473081328751432 0.32426778242677823 0.022909507445589918 0.01882845188284519
8 0.7720504009163803 0.4560669456066946 0.029782359679266894 0.02092050209205021
9 0.7726231386025201 0.45763598326359833 0.026345933562428408 0.02405857740585774
