1 0.6466876971608833 0.14169139465875372 0.19873817034700317 0.1261127596439169
10 0.16482649842271294 0.7640949554896143 0.07728706624605679 0.0712166172106825
10 0.8446372239747634 0.7002967359050445 0.03943217665615142 0.06824925816023739
10 0.16482649842271294 0.7893175074183977 0.07728706624605679 0.08902077151335312
11 0.16482649842271294 0.7893175074183977 0.07728706624605679 0.08902077151335312
7 0.7744479495268138 0.29451038575667654 0.17665615141955837 0.31008902077151335
7 0.7705047318611987 0.3353115727002967 0.20662460567823343 0.3353115727002967
7 0.6151419558359621 0.1943620178041543 0.13564668769716087 0.20474777448071216
11 0.6151419558359621 0.1943620178041543 0.13564668769716087 0.20474777448071216
7 0.31782334384858046 0.19510385756676557 0.1498422712933754 0.20029673590504452
13 0.32413249211356465 0.18323442136498516 0.1719242902208202 0.2062314540059347
6 0.7744479495268138 0.29451038575667654 0.17665615141955837 0.31008902077151335
11 0.6545741324921136 0.13501483679525222 0.19242902208201892 0.12166172106824925
10 0.8399053627760252 0.7143916913946587 0.06466876971608833 0.08456973293768547
7 0.32413249211356465 0.18323442136498516 0.1719242902208202 0.2062314540059347
11 0.8399053627760252 0.7143916913946587 0.06466876971608833 0.08456973293768547
6 0.750788643533123 0.3375370919881306 0.22397476340694006 0.38724035608308605
11 0.8446372239747634 0.7002967359050445 0.03943217665615142 0.06824925816023739
13 0.33753943217665616 0.19510385756676557 0.17981072555205047 0.1824925816023739
6 0.33753943217665616 0.19510385756676557 0.17981072555205047 0.1824925816023739
13 0.750788643533123 0.3375370919881306 0.22397476340694006 0.38724035608308605
11 0.16482649842271294 0.7640949554896143 0.07728706624605679 0.0712166172106825
