4 0.7112970711297071 0.4675599435825106 0.15341701534170155 0.11988716502115655
6 0.7433751743375174 0.5204513399153737 0.15620641562064155 0.23695345557122707
4 0.6792189679218968 0.4901269393511989 0.0697350069735007 0.0691114245416079
0 0.592747559274756 0.35895627644569816 0.10320781032078104 0.11988716502115655
4 0.7364016736401674 0.5874471086036671 0.12831241283124128 0.12834978843441466
7 0.7301255230125523 0.6227080394922426 0.10739191073919108 0.08321579689703808
6 0.7364016736401674 0.5874471086036671 0.12831241283124128 0.12834978843441466
7 0.7112970711297071 0.4675599435825106 0.15341701534170155 0.11988716502115655
7 0.24686192468619247 0.5324400564174894 0.20362622036262204 0.3004231311706629
5 0.24686192468619247 0.5324400564174894 0.20362622036262204 0.3004231311706629
10 0.7928870292887029 0.6741889985895627 0.08228730822873083 0.09590973201692525
6 0.26569037656903766 0.5966149506346967 0.16317991631799164 0.14386459802538787
7 0.7364016736401674 0.5874471086036671 0.12831241283124128 0.12834978843441466
4 0.7259414225941423 0.61212976022567 0.10181311018131102 0.09590973201692525
10 0.7726638772663877 0.6636107193229901 0.13389121338912133 0.10860366713681241
8 0.24686192468619247 0.5324400564174894 0.20362622036262204 0.3004231311706629
13 0.7524407252440726 0.4464033850493653 0.06276150627615062 0.05500705218617771
4 0.6722454672245467 0.4929478138222849 0.08089260808926081 0.06346967559943582
10 0.7629009762900977 0.68688293370945 0.1506276150627615 0.12129760225669958
3 0.496513249651325 0.6382228490832158 0.33472803347280333 0.153737658674189
