7 0.7347689075630253 0.2896455223880597 0.17542016806722688 0.1259328358208955
11 0.06722689075630252 0.9263059701492538 0.01680672268907563 0.029850746268656716
13 0.6985294117647058 0.28078358208955223 0.17436974789915966 0.13805970149253732
11 0.7116596638655462 0.18097014925373134 0.11029411764705882 0.041044776119402986
0 0.5656512605042017 0.39972014925373134 0.11029411764705882 0.09794776119402986
10 0.06722689075630252 0.9263059701492538 0.01680672268907563 0.029850746268656716
11 0.8960084033613446 0.980410447761194 0.025210084033613446 0.033582089552238806
11 0.6922268907563025 0.18703358208955223 0.13865546218487396 0.030783582089552237
11 0.8933823529411765 0.9785447761194029 0.045168067226890755 0.03171641791044776
13 0.22426470588235295 0.29151119402985076 0.045168067226890755 0.017723880597014924
10 0.8960084033613446 0.980410447761194 0.025210084033613446 0.033582089552238806
10 0.8933823529411765 0.9785447761194029 0.045168067226890755 0.03171641791044776
11 0.7169117647058824 0.1912313432835821 0.14390756302521007 0.05037313432835821
13 0.22321428571428573 0.2891791044776119 0.045168067226890755 0.020522388059701493
11 0.4059873949579832 0.177705223880597 0.08928571428571429 0.017723880597014924
