10 0.8328445747800587 0.9111644657863145 0.04985337243401759 0.062424969987995196
11 0.3680351906158358 0.28691476590636256 0.08797653958944282 0.028811524609843937
3 0.5432551319648093 0.773109243697479 0.4941348973607038 0.22328931572629052
11 0.2939882697947214 0.28211284513805523 0.08357771260997067 0.014405762304921969
0 0.533724340175953 0.45018007202881155 0.11730205278592376 0.08883553421368548
3 0.5359237536656891 0.7418967587034814 0.48240469208211145 0.24009603841536614
3 0.5344574780058651 0.7755102040816326 0.4706744868035191 0.15846338535414164
11 0.8328445747800587 0.9111644657863145 0.04985337243401759 0.062424969987995196
11 0.6217008797653959 0.29111644657863145 0.11143695014662756 0.013205282112845138
11 0.6165689149560117 0.28991596638655465 0.15102639296187684 0.04201680672268908
