6 0.750733137829912 0.37635054021608644 0.3489736070381232 0.44537815126050423
11 0.6986803519061584 0.187875150060024 0.22727272727272727 0.061224489795918366
13 0.750733137829912 0.37635054021608644 0.3489736070381232 0.44537815126050423
7 0.7448680351906158 0.3799519807923169 0.30498533724340177 0.368547418967587
6 0.28005865102639294 0.3433373349339736 0.1466275659824047 0.148859543817527
7 0.750733137829912 0.37635054021608644 0.3489736070381232 0.44537815126050423
4 0.7448680351906158 0.3799519807923169 0.30498533724340177 0.368547418967587
6 0.2587976539589443 0.3637454981992797 0.10997067448680352 0.12965186074429771
11 0.7023460410557185 0.1836734693877551 0.2404692082111437 0.0936374549819928
7 0.7668621700879765 0.39735894357743096 0.2727272727272727 0.3673469387755102
4 0.7668621700879765 0.39735894357743096 0.2727272727272727 0.3673469387755102
