8 0.7693208430913349 0.5526932084309133 0.07494145199063232 0.06088992974238876
8 0.3085480093676815 0.3624121779859485 0.02927400468384075 0.026932084309133488
11 0.40339578454332553 0.11416861826697892 0.11826697892271663 0.040983606557377046
8 0.2892271662763466 0.4496487119437939 0.03044496487119438 0.0351288056206089
8 0.8272833723653396 0.5169789227166276 0.03161592505854801 0.03864168618266979
8 0.3009367681498829 0.21135831381733022 0.03747072599531616 0.02459016393442623
8 0.8284543325526932 0.5134660421545667 0.040983606557377046 0.040983606557377046
0 0.642271662763466 0.2786885245901639 0.12060889929742388 0.117096018735363
8 0.8266978922716628 0.5163934426229508 0.04918032786885246 0.03747072599531616
8 0.8905152224824356 0.7429742388758782 0.01990632318501171 0.02459016393442623
8 0.8237704918032787 0.6059718969555035 0.02927400468384075 0.02224824355971897
8 0.2148711943793911 0.7049180327868853 0.02459016393442623 0.0234192037470726
8 0.2968384074941452 0.5362997658079626 0.01522248243559719 0.01639344262295082
8 0.30679156908665106 0.36007025761124123 0.02576112412177986 0.026932084309133488
8 0.2980093676814988 0.5362997658079626 0.01522248243559719 0.01639344262295082
8 0.30620608899297425 0.3629976580796253 0.02459016393442623 0.0234192037470726
8 0.2154566744730679 0.5269320843091335 0.03981264637002342 0.04215456674473068
0 0.6399297423887588 0.2857142857142857 0.11124121779859485 0.1358313817330211
3 0.6018735362997658 0.7137002341920374 0.47306791569086654 0.16042154566744732
3 0.5977751756440282 0.6709601873536299 0.4601873536299766 0.1686182669789227
8 0.7827868852459017 0.560304449648712 0.03864168618266979 0.040983606557377046
8 0.21721311475409835 0.5310304449648712 0.02927400468384075 0.03395784543325527
8 0.2903981264637002 0.4490632318501171 0.03278688524590164 0.03629976580796253
8 0.30210772833723654 0.20784543325526933 0.02810304449648712 0.02927400468384075
8 0.28688524590163933 0.44789227166276346 0.04215456674473068 0.03864168618266979
8 0.3366510538641686 0.6194379391100703 0.02459016393442623 0.03044496487119438
8 0.7792740046838408 0.5608899297423887 0.03161592505854801 0.0351288056206089
8 0.29566744730679156 0.5357142857142857 0.02927400468384075 0.01522248243559719
