7 0.3067375886524823 0.2099609375 0.06028368794326241 0.041015625
2 0.20981087470449172 0.404296875 0.010638297872340425 0.013671875
11 0.3144208037825059 0.15234375 0.12293144208037825 0.0546875
2 0.6146572104018913 0.47412109375 0.02127659574468085 0.0166015625
2 0.4013002364066194 0.40771484375 0.01773049645390071 0.0126953125
11 0.2978723404255319 0.189453125 0.07328605200945626 0.08203125
9 0.3067375886524823 0.2099609375 0.06028368794326241 0.041015625
0 0.5419621749408984 0.29736328125 0.10283687943262411 0.0771484375
11 0.6855791962174941 0.15478515625 0.0591016548463357 0.0400390625
7 0.2978723404255319 0.189453125 0.07328605200945626 0.08203125
2 0.5821513002364066 0.40869140625 0.02009456264775414 0.0185546875
