13 0.263671875 0.16041666666666668 0.18619791666666666 0.125
2 0.2526041666666667 0.15416666666666667 0.17708333333333334 0.11666666666666667
4 0.19921875 0.18697916666666667 0.057291666666666664 0.036458333333333336
13 0.2526041666666667 0.15416666666666667 0.17708333333333334 0.11666666666666667
11 0.2721354166666667 0.090625 0.14322916666666666 0.022916666666666665
2 0.263671875 0.16041666666666668 0.18619791666666666 0.125
8 0.19921875 0.18697916666666667 0.057291666666666664 0.036458333333333336
11 0.23828125 0.1109375 0.17447916666666666 0.046875
13 0.2506510416666667 0.15677083333333333 0.19401041666666666 0.109375
11 0.2662760416666667 0.10520833333333333 0.17057291666666666 0.04583333333333333
