11 0.46875 0.08837890625 0.0546875 0.0107421875
13 0.431640625 0.169921875 0.162109375 0.16796875
0 0.6201171875 0.24462890625 0.0859375 0.0986328125
11 0.6591796875 0.10205078125 0.04296875 0.0146484375
0 0.61865234375 0.24853515625 0.0888671875 0.1123046875
5 0.37255859375 0.50634765625 0.1201171875 0.1884765625
13 0.443359375 0.146484375 0.150390625 0.181640625
13 0.44580078125 0.17041015625 0.1201171875 0.1806640625
0 0.61865234375 0.24267578125 0.0830078125 0.0849609375
2 0.63623046875 0.25341796875 0.0283203125 0.0263671875
3 0.5859375 0.54296875 0.287109375 0.142578125
3 0.59033203125 0.5595703125 0.2900390625 0.107421875
9 0.5234375 0.4619140625 0.087890625 0.2578125
