6 0.2819010416666667 0.6286458333333333 0.16015625 0.128125
13 0.8509114583333334 0.5213541666666667 0.08203125 0.07604166666666666
13 0.2825520833333333 0.384375 0.07291666666666667 0.07708333333333334
0 0.607421875 0.4088541666666667 0.13671875 0.165625
0 0.6217447916666666 0.4083333333333333 0.10546875 0.17083333333333334
0 0.62109375 0.39791666666666664 0.11458333333333333 0.12708333333333333
6 0.24088541666666666 0.615625 0.16145833333333334 0.11875
5 0.2884114583333333 0.6213541666666667 0.15494791666666666 0.11770833333333333
6 0.8391927083333334 0.5432291666666667 0.08203125 0.042708333333333334
11 0.73046875 0.23229166666666667 0.14322916666666666 0.05
