6 0.37841796875 0.25244140625 0.2080078125 0.1474609375
13 0.37841796875 0.25244140625 0.2080078125 0.1474609375
7 0.287109375 0.56787109375 0.125 0.1103515625
7 0.26708984375 0.55126953125 0.0732421875 0.0439453125
7 0.7431640625 0.35986328125 0.103515625 0.1650390625
6 0.7119140625 0.32177734375 0.177734375 0.2294921875
6 0.34228515625 0.263671875 0.1357421875 0.134765625
6 0.36669921875 0.2509765625 0.1552734375 0.125
6 0.7431640625 0.35986328125 0.103515625 0.1650390625
7 0.36669921875 0.2509765625 0.1552734375 0.125
7 0.65283203125 0.203125 0.0576171875 0.037109375
6 0.287109375 0.56787109375 0.125 0.1103515625
6 0.2685546875 0.55615234375 0.083984375 0.0419921875
13 0.7119140625 0.32177734375 0.177734375 0.2294921875
6 0.736328125 0.3291015625 0.1171875 0.06640625
