11 0.3333333333333333 0.0878099173553719 0.060836501901140684 0.022727272727272728
3 0.523447401774398 0.5681818181818182 0.4866920152091255 0.1921487603305785
13 0.7902408111533586 0.4674586776859504 0.11787072243346007 0.03409090909090909
3 0.5304182509505704 0.5759297520661157 0.49302915082382764 0.18698347107438015
0 0.5564005069708492 0.26704545454545453 0.14195183776932827 0.125
8 0.11723700887198986 0.5139462809917356 0.016476552598225603 0.013429752066115703
7 0.1679340937896071 0.6425619834710744 0.18124207858048164 0.13016528925619836
0 0.5525982256020279 0.259297520661157 0.14955640050697086 0.12396694214876033
0 0.5519645120405576 0.2753099173553719 0.17110266159695817 0.14979338842975207
3 0.5278833967046895 0.6033057851239669 0.4879594423320659 0.1797520661157025
9 0.1679340937896071 0.6425619834710744 0.18124207858048164 0.13016528925619836
