6 0.26953125 0.47216796875 0.279296875 0.4462890625
13 0.68798828125 0.5068359375 0.2236328125 0.390625
13 0.26953125 0.47216796875 0.279296875 0.4462890625
9 0.34912109375 0.2666015625 0.1455078125 0.1484375
5 0.291015625 0.44189453125 0.271484375 0.4384765625
5 0.671875 0.5224609375 0.2578125 0.40625
6 0.291015625 0.44189453125 0.271484375 0.4384765625
9 0.291015625 0.44189453125 0.271484375 0.4384765625
9 0.66943359375 0.31884765625 0.1513671875 0.1591796875
6 0.28125 0.47509765625 0.296875 0.4326171875
13 0.671875 0.5224609375 0.2578125 0.40625
5 0.68798828125 0.5068359375 0.2236328125 0.390625
6 0.716796875 0.5458984375 0.18359375 0.333984375
6 0.68798828125 0.5068359375 0.2236328125 0.390625
13 0.716796875 0.5458984375 0.18359375 0.333984375
0 0.55078125 0.298828125 0.08203125 0.10546875
11 0.32421875 0.19580078125 0.08984375 0.0478515625
9 0.68798828125 0.5068359375 0.2236328125 0.390625
5 0.28125 0.47509765625 0.296875 0.4326171875
0 0.5517578125 0.3134765625 0.10546875 0.09765625
0 0.55908203125 0.32275390625 0.1103515625 0.1279296875
13 0.28125 0.47509765625 0.296875 0.4326171875
6 0.671875 0.5224609375 0.2578125 0.40625
13 0.291015625 0.44189453125 0.271484375 0.4384765625
