11 0.679144385026738 0.234375 0.14331550802139037 0.068359375
5 0.27540106951871657 0.5234375 0.28342245989304815 0.544921875
8 0.6716577540106952 0.548828125 0.22032085561497325 0.244140625
10 0.848663101604278 0.701171875 0.06524064171122995 0.052734375
5 0.718716577540107 0.4560546875 0.24385026737967913 0.46875
13 0.711764705882353 0.46240234375 0.24919786096256685 0.4853515625
9 0.718716577540107 0.4560546875 0.24385026737967913 0.46875
11 0.8620320855614974 0.701171875 0.06417112299465241 0.068359375
7 0.672192513368984 0.529296875 0.19786096256684493 0.216796875
10 0.8620320855614974 0.701171875 0.06417112299465241 0.068359375
3 0.6716577540106952 0.548828125 0.22032085561497325 0.244140625
5 0.2641711229946524 0.52734375 0.24812834224598931 0.501953125
5 0.26149732620320854 0.53369140625 0.253475935828877 0.4912109375
5 0.711764705882353 0.46240234375 0.24919786096256685 0.4853515625
13 0.2641711229946524 0.52734375 0.24812834224598931 0.501953125
8 0.6705882352941176 0.5234375 0.20106951871657755 0.21484375
7 0.6705882352941176 0.5234375 0.20106951871657755 0.21484375
9 0.26149732620320854 0.53369140625 0.253475935828877 0.4912109375
5 0.7240641711229947 0.46240234375 0.28663101604278074 0.4501953125
13 0.26149732620320854 0.53369140625 0.253475935828877 0.4912109375
13 0.718716577540107 0.4560546875 0.24385026737967913 0.46875
8 0.672192513368984 0.529296875 0.19786096256684493 0.216796875
