0 0.5738461538461539 0.3860294117647059 0.11076923076923077 0.09558823529411764
10 0.8853846153846154 0.8180147058823529 0.07538461538461538 0.0821078431372549
7 0.8461538461538461 0.6850490196078431 0.055384615384615386 0.058823529411764705
8 0.24384615384615385 0.39215686274509803 0.05384615384615385 0.03676470588235294
2 0.19923076923076924 0.7947303921568627 0.2076923076923077 0.07720588235294118
11 0.8853846153846154 0.6568627450980392 0.07846153846153846 0.23284313725490197
11 0.8853846153846154 0.8180147058823529 0.07538461538461538 0.0821078431372549
7 0.24384615384615385 0.39215686274509803 0.05384615384615385 0.03676470588235294
9 0.8184615384615385 0.6176470588235294 0.027692307692307693 0.07107843137254902
11 0.18384615384615385 0.7971813725490197 0.17692307692307693 0.06740196078431372
11 0.8484615384615385 0.6305147058823529 0.07846153846153846 0.17034313725490197
7 0.8207692307692308 0.6188725490196079 0.03230769230769231 0.06372549019607843
11 0.8846153846153846 0.8180147058823529 0.036923076923076927 0.03308823529411765
