0 0.5447443181818182 0.32970550576184376 0.12073863636363637 0.12419974391805377
0 0.5376420454545454 0.3207426376440461 0.14630681818181818 0.10115236875800256
11 0.8586647727272727 0.6062740076824584 0.04403409090909091 0.09859154929577464
3 0.5411931818181818 0.6152368758002561 0.41761363636363635 0.13188220230473752
3 0.5447443181818182 0.6075544174135723 0.4303977272727273 0.1446862996158771
0 0.5419034090909091 0.3220230473751601 0.11221590909090909 0.10115236875800256
10 0.8586647727272727 0.6062740076824584 0.04403409090909091 0.09859154929577464
3 0.5369318181818182 0.6005121638924455 0.39204545454545453 0.12548015364916773
13 0.22301136363636365 0.35979513444302175 0.014204545454545454 0.028169014084507043
11 0.8409090909090909 0.6037131882202305 0.028409090909090908 0.03969270166453265
