13 0.2838541666666667 0.275 0.08854166666666667 0.14791666666666667
7 0.7779947916666666 0.35833333333333334 0.2903645833333333 0.44583333333333336
7 0.6692708333333334 0.159375 0.1015625 0.07083333333333333
9 0.236328125 0.49895833333333334 0.12369791666666667 0.10416666666666667
13 0.2571614583333333 0.26510416666666664 0.12630208333333334 0.14895833333333333
9 0.8229166666666666 0.39114583333333336 0.08854166666666667 0.14895833333333333
5 0.7779947916666666 0.35833333333333334 0.2903645833333333 0.44583333333333336
6 0.7779947916666666 0.35833333333333334 0.2903645833333333 0.44583333333333336
13 0.6692708333333334 0.159375 0.1015625 0.07083333333333333
6 0.6744791666666666 0.17239583333333333 0.10677083333333333 0.08020833333333334
7 0.3157552083333333 0.2609375 0.19921875 0.19895833333333332
6 0.8157552083333334 0.34427083333333336 0.10286458333333333 0.19270833333333334
6 0.2838541666666667 0.275 0.08854166666666667 0.14791666666666667
6 0.3157552083333333 0.2609375 0.19921875 0.19895833333333332
