13 0.23116438356164384 0.4038662486938349 0.12214611872146118 0.06792058516196448
11 0.6872146118721462 0.10658307210031348 0.21232876712328766 0.08986415882967608
7 0.3219178082191781 0.22100313479623823 0.2922374429223744 0.3124346917450366
13 0.7545662100456622 0.21055381400208986 0.1780821917808219 0.1452455590386625
11 0.7277397260273972 0.12277951933124347 0.11757990867579908 0.05329153605015674
8 0.23116438356164384 0.4038662486938349 0.12214611872146118 0.06792058516196448
8 0.22488584474885845 0.3887147335423197 0.0228310502283105 0.02089864158829676
8 0.1786529680365297 0.40804597701149425 0.005707762557077625 0.011494252873563218
13 0.8424657534246576 0.31922675026123304 0.0730593607305936 0.04911180773249739
8 0.8230593607305936 0.32445141065830724 0.03881278538812785 0.02821316614420063
8 0.1860730593607306 0.43103448275862066 0.01141552511415525 0.009404388714733543
13 0.3219178082191781 0.22100313479623823 0.2922374429223744 0.3124346917450366
13 0.7602739726027398 0.23824451410658307 0.2602739726027397 0.22570532915360503
8 0.4081050228310502 0.45715778474399166 0.04680365296803653 0.06374085684430512
13 0.8327625570776256 0.32497387669801464 0.08561643835616438 0.06478578892371996
8 0.2254566210045662 0.30407523510971785 0.09018264840182648 0.08986415882967608
11 0.6877853881278538 0.10501567398119123 0.24315068493150685 0.08463949843260188
13 0.7420091324200914 0.21839080459770116 0.15296803652968036 0.12539184952978055
13 0.3065068493150685 0.29153605015673983 0.2614155251141553 0.29258098223615464
1 0.3247716894977169 0.16509926854754442 0.22488584474885845 0.13584117032392895
13 0.2254566210045662 0.30407523510971785 0.09018264840182648 0.08986415882967608
0 0.5781963470319634 0.28108672936259144 0.1449771689497717 0.14629049111807732
8 0.2334474885844749 0.4179728317659352 0.026255707762557076 0.02089864158829676
8 0.2848173515981735 0.39080459770114945 0.026255707762557076 0.022988505747126436
