8 0.7708333333333334 0.4817708333333333 0.24479166666666666 0.28854166666666664
0 0.5703125 0.3828125 0.11197916666666667 0.090625
4 0.7884114583333334 0.4864583333333333 0.26171875 0.28958333333333336
7 0.7884114583333334 0.4864583333333333 0.26171875 0.28958333333333336
8 0.7884114583333334 0.4864583333333333 0.26171875 0.28958333333333336
7 0.76953125 0.471875 0.2682291666666667 0.32916666666666666
8 0.76953125 0.471875 0.2682291666666667 0.32916666666666666
11 0.76953125 0.471875 0.2682291666666667 0.32916666666666666
3 0.58984375 0.7140625 0.4244791666666667 0.084375
0 0.568359375 0.3875 0.13411458333333334 0.09583333333333334
