3 0.5833333333333334 0.6805157593123209 0.47297297297297297 0.17191977077363896
0 0.5608108108108109 0.32808022922636104 0.11561561561561562 0.1489971346704871
7 0.2822822822822823 0.2786532951289398 0.04804804804804805 0.0329512893982808
8 0.8130630630630631 0.4520057306590258 0.052552552552552555 0.050143266475644696
0 0.5525525525525525 0.3237822349570201 0.12312312312312312 0.12607449856733524
9 0.20345345345345345 0.586676217765043 0.08558558558558559 0.09312320916905444
9 0.8108108108108109 0.45415472779369626 0.04804804804804805 0.04871060171919771
9 0.2072072072072072 0.583810888252149 0.07807807807807808 0.0988538681948424
9 0.8130630630630631 0.4520057306590258 0.052552552552552555 0.050143266475644696
7 0.20270270270270271 0.5931232091690545 0.07207207207207207 0.0659025787965616
7 0.8085585585585585 0.45487106017191975 0.05855855855855856 0.055873925501432664
3 0.5825825825825826 0.6826647564469914 0.4774774774774775 0.17335243553008595
3 0.5780780780780781 0.7027220630372493 0.4744744744744745 0.16475644699140402
8 0.8108108108108109 0.45415472779369626 0.04804804804804805 0.04871060171919771
0 0.5548048048048048 0.3173352435530086 0.11261261261261261 0.12177650429799428
7 0.7079579579579579 0.2987106017191977 0.04954954954954955 0.04154727793696275
