11 0.43408203125 0.14306640625 0.0888671875 0.0185546875
9 0.50390625 0.353515625 0.12109375 0.466796875
3 0.60791015625 0.55322265625 0.3544921875 0.1396484375
0 0.5693359375 0.30078125 0.076171875 0.08203125
9 0.3671875 0.28662109375 0.01953125 0.0205078125
0 0.5654296875 0.30224609375 0.0859375 0.0966796875
13 0.36572265625 0.2822265625 0.0205078125 0.01953125
13 0.36376953125 0.39794921875 0.1103515625 0.0205078125
3 0.6064453125 0.53662109375 0.359375 0.1767578125
2 0.5859375 0.30322265625 0.025390625 0.0673828125
8 0.36572265625 0.283203125 0.0185546875 0.015625
3 0.6005859375 0.55029296875 0.34375 0.0537109375
11 0.68408203125 0.15087890625 0.0712890625 0.0498046875
