10 0.03515625 0.7411458333333333 0.041666666666666664 0.06979166666666667
12 0.21354166666666666 0.40989583333333335 0.3802083333333333 0.490625
10 0.0390625 0.7427083333333333 0.059895833333333336 0.06041666666666667
0 0.501953125 0.34791666666666665 0.11848958333333333 0.09375
11 0.25390625 0.18385416666666668 0.140625 0.03854166666666667
12 0.18684895833333334 0.378125 0.3424479166666667 0.4166666666666667
11 0.11393229166666667 0.6901041666666666 0.06640625 0.030208333333333334
11 0.0390625 0.7427083333333333 0.059895833333333336 0.06041666666666667
10 0.08854166666666667 0.76875 0.1484375 0.07291666666666667
12 0.22005208333333334 0.3828125 0.375 0.44479166666666664
9 0.12565104166666666 0.6916666666666667 0.10807291666666667 0.041666666666666664
11 0.03515625 0.7411458333333333 0.041666666666666664 0.06979166666666667
