11 0.33203125 0.12864583333333332 0.10677083333333333 0.053125
11 0.19791666666666666 0.5260416666666666 0.06510416666666667 0.18125
10 0.20247395833333334 0.6020833333333333 0.11067708333333333 0.08958333333333333
2 0.19140625 0.5354166666666667 0.06510416666666667 0.19166666666666668
11 0.345703125 0.12447916666666667 0.10546875 0.040625
4 0.2734375 0.49583333333333335 0.14322916666666666 0.10416666666666667
7 0.2701822916666667 0.5 0.15234375 0.16666666666666666
13 0.3326822916666667 0.18854166666666666 0.14453125 0.125
7 0.2890625 0.515625 0.17708333333333334 0.16041666666666668
2 0.19791666666666666 0.5260416666666666 0.06510416666666667 0.18125
11 0.3138020833333333 0.125 0.078125 0.0375
2 0.19921875 0.484375 0.0625 0.10833333333333334
0 0.5423177083333334 0.30104166666666665 0.11067708333333333 0.12083333333333333
10 0.19921875 0.5546875 0.09375 0.115625
11 0.19140625 0.5354166666666667 0.06510416666666667 0.19166666666666668
11 0.19921875 0.484375 0.0625 0.10833333333333334
7 0.2734375 0.49583333333333335 0.14322916666666666 0.10416666666666667
13 0.345703125 0.14479166666666668 0.08203125 0.029166666666666667
