1 0.7272135416666666 0.7229166666666667 0.13151041666666666 0.13333333333333333
13 0.29296875 0.43072916666666666 0.07552083333333333 0.05520833333333333
13 0.69921875 0.4822916666666667 0.078125 0.04583333333333333
13 0.3079427083333333 0.484375 0.16796875 0.22291666666666668
6 0.2604166666666667 0.6932291666666667 0.19010416666666666 0.15520833333333334
6 0.6569010416666666 0.725 0.19921875 0.13333333333333333
13 0.6686197916666666 0.5005208333333333 0.18359375 0.140625
1 0.21028645833333334 0.7296875 0.16276041666666666 0.08854166666666667
2 0.29296875 0.43072916666666666 0.07552083333333333 0.05520833333333333
0 0.5247395833333334 0.49635416666666665 0.09375 0.18854166666666666
6 0.7272135416666666 0.7229166666666667 0.13151041666666666 0.13333333333333333
1 0.6705729166666666 0.4734375 0.12760416666666666 0.13229166666666667
1 0.291015625 0.45416666666666666 0.12109375 0.11875
