13 0.322265625 0.5833333333333334 0.07421875 0.10833333333333334
2 0.5358072916666666 0.34791666666666665 0.06380208333333333 0.0375
13 0.13411458333333334 0.5114583333333333 0.033854166666666664 0.0125
0 0.525390625 0.37552083333333336 0.11328125 0.09479166666666666
0 0.5305989583333334 0.3854166666666667 0.10286458333333333 0.11041666666666666
0 0.5240885416666666 0.3807291666666667 0.11848958333333333 0.109375
3 0.5416666666666666 0.6614583333333334 0.4322916666666667 0.13125
3 0.5416666666666666 0.6677083333333333 0.4348958333333333 0.1375
11 0.5794270833333334 0.23333333333333334 0.06510416666666667 0.020833333333333332
3 0.546875 0.6640625 0.4270833333333333 0.12604166666666666
11 0.3704427083333333 0.20833333333333334 0.06901041666666667 0.010416666666666666
