0 0.59375 0.3031413612565445 0.09639830508474577 0.11413612565445026
5 0.7616525423728814 0.4722513089005236 0.2584745762711864 0.5445026178010471
8 0.7616525423728814 0.4722513089005236 0.2584745762711864 0.5445026178010471
5 0.2748940677966102 0.48586387434554973 0.23622881355932204 0.5361256544502618
8 0.2748940677966102 0.48586387434554973 0.23622881355932204 0.5361256544502618
0 0.5916313559322034 0.3104712041884817 0.11334745762711865 0.13507853403141362
5 0.2944915254237288 0.44345549738219897 0.3114406779661017 0.6376963350785341
0 0.5768008474576272 0.3146596858638743 0.13877118644067796 0.14764397905759163
5 0.701271186440678 0.4539267015706806 0.2669491525423729 0.5497382198952879
5 0.274364406779661 0.4816753926701571 0.24364406779661016 0.5319371727748691
5 0.6975635593220338 0.4581151832460733 0.2341101694915254 0.4701570680628272
