5 0.7693251533742331 0.48956043956043954 0.350920245398773 0.6428571428571429
4 0.7644171779141105 0.6186813186813187 0.2650306748466258 0.25274725274725274
13 0.32085889570552145 0.5324175824175824 0.013496932515337423 0.0032967032967032967
5 0.3061349693251534 0.4879120879120879 0.48711656441717793 0.6615384615384615
5 0.7668711656441718 0.4857142857142857 0.2920245398773006 0.610989010989011
13 0.8196319018404908 0.4774725274725275 0.21104294478527608 0.5131868131868131
5 0.8196319018404908 0.4774725274725275 0.21104294478527608 0.5131868131868131
5 0.32085889570552145 0.5324175824175824 0.013496932515337423 0.0032967032967032967
3 0.6012269938650306 0.6197802197802198 0.49325153374233127 0.23296703296703297
5 0.28588957055214725 0.4857142857142857 0.40245398773006136 0.5868131868131868
