5 0.22721354166666666 0.5166666666666667 0.20703125 0.3145833333333333
5 0.2265625 0.45 0.23958333333333334 0.5395833333333333
0 0.5169270833333334 0.284375 0.13020833333333334 0.13125
3 0.5748697916666666 0.5546875 0.41796875 0.18229166666666666
3 0.5631510416666666 0.596875 0.43359375 0.15416666666666667
5 0.7330729166666666 0.40625 0.18489583333333334 0.3020833333333333
3 0.578125 0.5947916666666667 0.4088541666666667 0.10416666666666667
0 0.5240885416666666 0.26197916666666665 0.10286458333333333 0.090625
5 0.7220052083333334 0.4473958333333333 0.23567708333333334 0.3885416666666667
0 0.5227864583333334 0.27239583333333334 0.11588541666666667 0.11145833333333334
