6 0.6474609375 0.26953125 0.0546875 0.06640625
13 0.64697265625 0.26806640625 0.0751953125 0.0849609375
6 0.63232421875 0.29248046875 0.0986328125 0.1240234375
13 0.63232421875 0.29248046875 0.0986328125 0.1240234375
3 0.5029296875 0.56689453125 0.400390625 0.1142578125
13 0.29150390625 0.2353515625 0.1025390625 0.177734375
13 0.58203125 0.18017578125 0.08203125 0.1044921875
0 0.50341796875 0.29150390625 0.1083984375 0.0966796875
6 0.29150390625 0.2353515625 0.1025390625 0.177734375
13 0.3095703125 0.2021484375 0.099609375 0.146484375
6 0.3095703125 0.2021484375 0.099609375 0.146484375
3 0.50341796875 0.57666015625 0.3916015625 0.0888671875
13 0.306640625 0.2177734375 0.087890625 0.158203125
0 0.51708984375 0.2919921875 0.0810546875 0.095703125
3 0.49267578125 0.576171875 0.3720703125 0.10546875
0 0.51025390625 0.2802734375 0.0986328125 0.078125
