3 0.5703309692671394 0.5224609375 0.4219858156028369 0.09765625
13 0.7860520094562647 0.4365234375 0.016548463356973995 0.04296875
3 0.5626477541371159 0.50830078125 0.41843971631205673 0.1318359375
0 0.5591016548463357 0.2685546875 0.12293144208037825 0.111328125
3 0.5774231678486997 0.5029296875 0.3983451536643026 0.13671875
13 0.3268321513002364 0.4580078125 0.08392434988179669 0.015625
13 0.3280141843971631 0.4599609375 0.0933806146572104 0.01953125
9 0.7890070921985816 0.43896484375 0.01773049645390071 0.0380859375
2 0.7890070921985816 0.43896484375 0.01773049645390071 0.0380859375
0 0.5620567375886525 0.26806640625 0.12647754137115838 0.1220703125
9 0.7860520094562647 0.4365234375 0.016548463356973995 0.04296875
0 0.5632387706855791 0.27099609375 0.14066193853427897 0.1279296875
