4 0.2756892230576441 0.6563636363636364 0.2506265664160401 0.21454545454545454
1 0.2525062656641604 0.6672727272727272 0.24185463659147868 0.1781818181818182
2 0.6090225563909775 0.32545454545454544 0.11278195488721804 0.16121212121212122
10 0.18358395989974938 0.6981818181818182 0.36716791979949875 0.25696969696969696
10 0.18358395989974938 0.7660606060606061 0.31453634085213034 0.1503030303030303
2 0.6083959899749374 0.33090909090909093 0.11904761904761904 0.13333333333333333
4 0.2719298245614035 0.42 0.17543859649122806 0.12
10 0.8051378446115288 0.7957575757575758 0.31954887218045114 0.263030303030303
11 0.8834586466165414 0.8036363636363636 0.16541353383458646 0.19151515151515153
5 0.3082706766917293 0.4175757575757576 0.16040100250626566 0.12484848484848485
10 0.22180451127819548 0.7303030303030303 0.3333333333333333 0.22666666666666666
10 0.8728070175438597 0.7521212121212121 0.20927318295739347 0.2775757575757576
4 0.2932330827067669 0.40606060606060607 0.19799498746867167 0.17454545454545456
