0 0.62109375 0.4276041666666667 0.18489583333333334 0.159375
0 0.62109375 0.3890625 0.16666666666666666 0.11354166666666667
0 0.6282552083333334 0.42135416666666664 0.17057291666666666 0.15520833333333334
10 0.7942708333333334 0.6390625 0.1640625 0.29270833333333335
13 0.3951822916666667 0.23020833333333332 0.02734375 0.03125
10 0.7884114583333334 0.6401041666666667 0.17578125 0.22604166666666667
5 0.27734375 0.5182291666666666 0.2942708333333333 0.490625
7 0.74609375 0.5473958333333333 0.22135416666666666 0.30520833333333336
7 0.6979166666666666 0.48072916666666665 0.0703125 0.053125
11 0.3287760416666667 0.1859375 0.13671875 0.053125
11 0.6588541666666666 0.18489583333333334 0.140625 0.03854166666666667
11 0.642578125 0.18489583333333334 0.19401041666666666 0.078125
10 0.7473958333333334 0.5489583333333333 0.265625 0.20208333333333334
7 0.80859375 0.48125 0.10416666666666667 0.12291666666666666
11 0.6529947916666666 0.18020833333333333 0.19401041666666666 0.07916666666666666
11 0.3170572916666667 0.18072916666666666 0.14453125 0.030208333333333334
11 0.3333333333333333 0.18333333333333332 0.16666666666666666 0.03958333333333333
