10 0.6015625 0.4875 0.2734375 0.49583333333333335
1 0.58984375 0.49635416666666665 0.23958333333333334 0.4510416666666667
4 0.58984375 0.49635416666666665 0.23958333333333334 0.4510416666666667
13 0.22721354166666666 0.3640625 0.15234375 0.109375
1 0.6002604166666666 0.40572916666666664 0.1953125 0.228125
9 0.22721354166666666 0.3640625 0.15234375 0.109375
7 0.6002604166666666 0.40572916666666664 0.1953125 0.228125
10 0.59765625 0.6364583333333333 0.2994791666666667 0.24583333333333332
1 0.58984375 0.3182291666666667 0.234375 0.115625
7 0.6119791666666666 0.4609375 0.1796875 0.259375
7 0.6015625 0.4875 0.2734375 0.49583333333333335
