11 0.8987279843444227 0.9425465838509317 0.03816046966731898 0.06935817805383022
3 0.5714285714285714 0.7360248447204969 0.5440313111545988 0.31262939958592134
11 0.12573385518591 0.9166666666666666 0.05577299412915851 0.09420289855072464
10 0.12573385518591 0.9166666666666666 0.05577299412915851 0.09420289855072464
9 0.678082191780822 0.5636645962732919 0.11741682974559686 0.1873706004140787
10 0.8987279843444227 0.9425465838509317 0.03816046966731898 0.06935817805383022
10 0.13062622309197652 0.900103519668737 0.07142857142857142 0.08799171842650104
11 0.12720156555772993 0.9259834368530021 0.06262230919765166 0.10248447204968944
11 0.13062622309197652 0.900103519668737 0.07142857142857142 0.08799171842650104
3 0.5640900195694716 0.7924430641821946 0.5489236790606654 0.20186335403726707
10 0.12720156555772993 0.9259834368530021 0.06262230919765166 0.10248447204968944
3 0.562133072407045 0.7919254658385093 0.5430528375733855 0.3084886128364389
