10 0.8026172300981461 0.6674852652259332 0.2617230098146129 0.2504911591355599
13 0.1624863685932388 0.5265225933202358 0.09378407851690294 0.1100196463654224
13 0.10577971646673937 0.7411591355599214 0.05452562704471101 0.0206286836935167
13 0.18920392584514723 0.7519646365422397 0.2693565976008724 0.055992141453831044
0 0.579607415485278 0.3300589390962672 0.1297709923664122 0.14145383104125736
6 0.7600872410032715 0.5722003929273084 0.1613958560523446 0.11886051080550099
6 0.25081788440567065 0.5255402750491159 0.1395856052344602 0.09233791748526522
10 0.8184296619411123 0.6581532416502947 0.18647764449291168 0.1905697445972495
10 0.787350054525627 0.6458742632612967 0.23773173391494 0.18762278978389
6 0.28844056706652127 0.5329076620825147 0.12322791712104689 0.19548133595284872
7 0.09378407851690294 0.7401768172888016 0.04143947655398037 0.022593320235756387
