13 0.26156941649899396 0.5397877984084881 0.056338028169014086 0.03801945181255526
8 0.26106639839034207 0.5419982316534041 0.059356136820925554 0.038903625110521665
11 0.35311871227364183 0.7603890362511052 0.060362173038229376 0.038903625110521665
2 0.26106639839034207 0.5419982316534041 0.059356136820925554 0.038903625110521665
11 0.7696177062374245 0.7970822281167109 0.04426559356136821 0.04509283819628647
7 0.26156941649899396 0.5397877984084881 0.056338028169014086 0.03801945181255526
9 0.3817907444668008 0.22104332449160036 0.06740442655935613 0.04420866489832007
13 0.23843058350100604 0.43412908930150307 0.23742454728370221 0.1290893015030946
10 0.9049295774647887 0.863395225464191 0.06740442655935613 0.0627763041556145
2 0.2575452716297787 0.5380194518125553 0.0482897384305835 0.03801945181255526
11 0.9049295774647887 0.863395225464191 0.06740442655935613 0.0627763041556145
13 0.3365191146881288 0.3196286472148541 0.11569416498993963 0.22192749778956675
11 0.7716297786720322 0.7891246684350133 0.10663983903420524 0.07161803713527852
