13 0.3040364583333333 0.19947916666666668 0.15494791666666666 0.11979166666666667
11 0.2877604166666667 0.234375 0.3098958333333333 0.19166666666666668
11 0.17252604166666666 0.2625 0.11067708333333333 0.14375
11 0.6907552083333334 0.17552083333333332 0.25390625 0.09479166666666666
7 0.3040364583333333 0.19947916666666668 0.15494791666666666 0.11979166666666667
3 0.5377604166666666 0.6463541666666667 0.4375 0.134375
13 0.771484375 0.2760416666666667 0.09765625 0.08125
13 0.3294270833333333 0.24791666666666667 0.11979166666666667 0.1
13 0.22135416666666666 0.34375 0.14322916666666666 0.10416666666666667
11 0.71484375 0.17291666666666666 0.14583333333333334 0.07291666666666667
11 0.2708333333333333 0.22447916666666667 0.2838541666666667 0.18645833333333334
11 0.6946614583333334 0.21145833333333333 0.27734375 0.14791666666666667
