13 0.708984375 0.21240234375 0.078125 0.1298828125
7 0.38623046875 0.23876953125 0.2080078125 0.2900390625
0 0.58544921875 0.25244140625 0.0986328125 0.1064453125
11 0.86376953125 0.634765625 0.0263671875 0.048828125
1 0.38232421875 0.24658203125 0.2197265625 0.2685546875
4 0.38623046875 0.23876953125 0.2080078125 0.2900390625
13 0.7080078125 0.1982421875 0.09765625 0.130859375
0 0.583984375 0.26953125 0.103515625 0.140625
11 0.16650390625 0.65283203125 0.0419921875 0.0244140625
1 0.38623046875 0.23876953125 0.2080078125 0.2900390625
0 0.59375 0.25244140625 0.099609375 0.1259765625
10 0.86376953125 0.634765625 0.0263671875 0.048828125
1 0.3798828125 0.26416015625 0.197265625 0.3017578125
7 0.38232421875 0.24658203125 0.2197265625 0.2685546875
10 0.16650390625 0.65283203125 0.0419921875 0.0244140625
