11 0.7236328125 0.65283203125 0.03125 0.0478515625
0 0.490234375 0.2353515625 0.072265625 0.083984375
0 0.49609375 0.2275390625 0.0625 0.068359375
10 0.7236328125 0.65283203125 0.03125 0.0478515625
11 0.34619140625 0.06884765625 0.0615234375 0.0166015625
11 0.732421875 0.6533203125 0.029296875 0.03515625
13 0.27587890625 0.23193359375 0.0595703125 0.0966796875
0 0.49609375 0.23876953125 0.068359375 0.0869140625
11 0.578125 0.09326171875 0.0859375 0.0380859375
3 0.51171875 0.5712890625 0.3125 0.09765625
11 0.35107421875 0.0751953125 0.0712890625 0.033203125
11 0.57861328125 0.0947265625 0.1044921875 0.05078125
11 0.2001953125 0.6904296875 0.029296875 0.037109375
7 0.2470703125 0.28173828125 0.0703125 0.0830078125
9 0.34619140625 0.42138671875 0.0830078125 0.1494140625
11 0.36181640625 0.07421875 0.0849609375 0.01953125
13 0.2470703125 0.28173828125 0.0703125 0.0830078125
