11 0.39574688796680496 0.15087890625 0.09024896265560166 0.0205078125
13 0.26348547717842324 0.2880859375 0.15767634854771784 0.1640625
13 0.32468879668049794 0.2265625 0.2697095435684647 0.142578125
7 0.24325726141078838 0.26318359375 0.08609958506224066 0.0615234375
13 0.24325726141078838 0.26318359375 0.08609958506224066 0.0615234375
0 0.5658713692946058 0.29638671875 0.11721991701244813 0.1025390625
0 0.571058091286307 0.30126953125 0.11099585062240663 0.1123046875
8 0.3153526970954357 0.32763671875 0.03941908713692946 0.0576171875
11 0.6882780082987552 0.1689453125 0.1545643153526971 0.029296875
13 0.7017634854771784 0.2099609375 0.1690871369294606 0.09375
