0 0.5566137566137566 0.36533084808946875 0.1291005291005291 0.15470643056849953
5 0.25767195767195766 0.38769804287045667 0.18306878306878308 0.32246039142590865
6 0.2814814814814815 0.4026095060577819 0.2814814814814815 0.3634669151910531
5 0.2761904761904762 0.3793103448275862 0.2560846560846561 0.3429636533084809
0 0.5507936507936508 0.3718546132339236 0.14497354497354498 0.18452935694315004
13 0.337037037037037 0.42637465051258155 0.14285714285714285 0.0754892823858341
5 0.2814814814814815 0.4026095060577819 0.2814814814814815 0.3634669151910531
6 0.726984126984127 0.48229263746505124 0.2560846560846561 0.4762348555452004
0 0.5481481481481482 0.34762348555452005 0.13968253968253969 0.12861136999068035
11 0.14232804232804233 0.5736253494874185 0.037037037037037035 0.09972041006523766
5 0.726984126984127 0.48229263746505124 0.2560846560846561 0.4762348555452004
9 0.2687830687830688 0.5726933830382106 0.27936507936507937 0.09040074557315937
10 0.2582010582010582 0.6365330848089469 0.31957671957671957 0.16775396085740912
5 0.7111111111111111 0.48182665424044735 0.30264550264550266 0.4771668219944082
10 0.14232804232804233 0.5736253494874185 0.037037037037037035 0.09972041006523766
5 0.725925925925926 0.48136067101584346 0.26455026455026454 0.49487418452935694
3 0.5470899470899471 0.6365330848089469 0.3746031746031746 0.19384902143522834
