13 0.3798828125 0.1328125 0.07421875 0.142578125
9 0.7255859375 0.35888671875 0.1015625 0.0712890625
0 0.61767578125 0.232421875 0.1513671875 0.17578125
3 0.609375 0.4443359375 0.369140625 0.111328125
3 0.60546875 0.44287109375 0.376953125 0.0947265625
5 0.34716796875 0.326171875 0.1884765625 0.25390625
2 0.26025390625 0.39111328125 0.0146484375 0.0126953125
8 0.353515625 0.1689453125 0.015625 0.013671875
0 0.626953125 0.20263671875 0.11328125 0.1181640625
13 0.34619140625 0.1689453125 0.0537109375 0.060546875
7 0.7529296875 0.4052734375 0.15234375 0.1796875
0 0.60595703125 0.2119140625 0.1591796875 0.130859375
13 0.29296875 0.22412109375 0.05859375 0.0361328125
8 0.26025390625 0.39111328125 0.0146484375 0.0126953125
