13 0.21549479166666666 0.265625 0.09765625 0.06458333333333334
10 0.8248697916666666 0.6703125 0.061197916666666664 0.04895833333333333
10 0.80859375 0.6776041666666667 0.109375 0.059375
13 0.3391927083333333 0.2942708333333333 0.12890625 0.209375
11 0.5631510416666666 0.15885416666666666 0.08463541666666667 0.030208333333333334
11 0.8248697916666666 0.6703125 0.061197916666666664 0.04895833333333333
10 0.8385416666666666 0.6661458333333333 0.046875 0.09270833333333334
7 0.3391927083333333 0.2942708333333333 0.12890625 0.209375
13 0.2819010416666667 0.2635416666666667 0.17838541666666666 0.11666666666666667
11 0.8385416666666666 0.6661458333333333 0.046875 0.09270833333333334
13 0.2701822916666667 0.2375 0.21484375 0.1375
11 0.306640625 0.16927083333333334 0.13151041666666666 0.026041666666666668
