10 0.06966145833333333 0.6067708333333334 0.05859375 0.090625
7 0.22591145833333334 0.590625 0.16796875 0.06666666666666667
0 0.537109375 0.3380208333333333 0.06901041666666667 0.078125
0 0.5234375 0.3489583333333333 0.09895833333333333 0.09791666666666667
10 0.14322916666666666 0.6458333333333334 0.21614583333333334 0.1375
10 0.080078125 0.6046875 0.061197916666666664 0.090625
11 0.06966145833333333 0.6067708333333334 0.05859375 0.090625
11 0.14322916666666666 0.6458333333333334 0.21614583333333334 0.1375
9 0.07682291666666667 0.31927083333333334 0.14322916666666666 0.2989583333333333
6 0.22591145833333334 0.590625 0.16796875 0.06666666666666667
