13 0.3111979166666667 0.5994791666666667 0.15625 0.08645833333333333
4 0.796875 0.2604166666666667 0.2421875 0.20208333333333334
1 0.8307291666666666 0.3109375 0.22395833333333334 0.196875
1 0.8079427083333334 0.309375 0.2643229166666667 0.29791666666666666
6 0.91015625 0.7135416666666666 0.171875 0.10416666666666667
11 0.23828125 0.725 0.059895833333333336 0.07708333333333334
13 0.8307291666666666 0.3109375 0.22395833333333334 0.196875
13 0.2981770833333333 0.5572916666666666 0.10416666666666667 0.03333333333333333
11 0.24544270833333334 0.7239583333333334 0.06380208333333333 0.08541666666666667
10 0.23177083333333334 0.70625 0.057291666666666664 0.07291666666666667
11 0.23177083333333334 0.70625 0.057291666666666664 0.07291666666666667
13 0.3255208333333333 0.5703125 0.17447916666666666 0.042708333333333334
