9 0.43159609120521175 0.4821256038647343 0.04451682953311618 0.10628019323671498
0 0.6107491856677525 0.2719806763285024 0.0988056460369164 0.0782608695652174
3 0.5738327904451683 0.6429951690821256 0.4375678610206297 0.2251207729468599
13 0.32193268186753526 0.5280193236714976 0.14006514657980457 0.15942028985507245
11 0.3935939196525516 0.1067632850241546 0.11400651465798045 0.0647342995169082
12 0.2692725298588491 0.659903381642512 0.21064060803474485 0.11594202898550725
3 0.5722041259500543 0.644927536231884 0.43431053203040176 0.2038647342995169
13 0.2931596091205212 0.5584541062801932 0.18241042345276873 0.11400966183574879
13 0.36319218241042345 0.4971014492753623 0.15743756786102062 0.11884057971014493
2 0.6492942453854506 0.28599033816425123 0.01520086862106406 0.02705314009661836
12 0.28284473398479915 0.6483091787439613 0.248642779587405 0.12560386473429952
7 0.2931596091205212 0.5584541062801932 0.18241042345276873 0.11400966183574879
7 0.256243213897937 0.47246376811594204 0.1259500542888165 0.22415458937198068
3 0.5770901194353963 0.6333333333333333 0.42888165038002174 0.23671497584541062
12 0.2698154180238871 0.6507246376811594 0.23561346362649294 0.1323671497584541
0 0.6107491856677525 0.2719806763285024 0.10314875135722042 0.0821256038647343
