13 0.28225806451612906 0.2929171668667467 0.05718475073313783 0.03601440576230492
13 0.3387096774193548 0.39015606242497 0.25219941348973607 0.148859543817527
11 0.4318181818181818 0.13805522208883553 0.0689149560117302 0.012004801920768308
7 0.2793255131964809 0.28991596638655465 0.04252199413489736 0.03241296518607443
13 0.24780058651026393 0.37695078031212487 0.08504398826979472 0.0936374549819928
0 0.6077712609970675 0.297719087635054 0.10703812316715543 0.12004801920768307
3 0.6686217008797654 0.5678271308523409 0.4046920821114369 0.09843937575030012
11 0.43255131964809385 0.1332533013205282 0.11730205278592376 0.028811524609843937
13 0.27419354838709675 0.2887154861944778 0.06744868035190615 0.04441776710684274
0 0.6114369501466276 0.25630252100840334 0.08504398826979472 0.04441776710684274
0 0.6004398826979472 0.2725090036014406 0.1158357771260997 0.07683073229291716
3 0.6700879765395894 0.5522208883553421 0.39002932551319647 0.0936374549819928
5 0.3387096774193548 0.39015606242497 0.25219941348973607 0.148859543817527
8 0.656891495601173 0.32292917166866747 0.02346041055718475 0.021608643457382955
13 0.30131964809384165 0.40336134453781514 0.1627565982404692 0.09123649459783914
