9 0.034505208333333336 0.5427083333333333 0.016927083333333332 0.022916666666666665
9 0.15104166666666666 0.47239583333333335 0.0234375 0.026041666666666668
0 0.5390625 0.34322916666666664 0.12239583333333333 0.08645833333333333
9 0.8391927083333334 0.5520833333333334 0.022135416666666668 0.01875
9 0.150390625 0.471875 0.01953125 0.025
11 0.0625 0.8104166666666667 0.049479166666666664 0.04375
9 0.21940104166666666 0.49635416666666665 0.048177083333333336 0.034375
8 0.1484375 0.47239583333333335 0.026041666666666668 0.023958333333333335
9 0.8372395833333334 0.5510416666666667 0.026041666666666668 0.029166666666666667
10 0.049479166666666664 0.815625 0.0390625 0.08541666666666667
11 0.049479166666666664 0.815625 0.0390625 0.08541666666666667
8 0.837890625 0.5510416666666667 0.016927083333333332 0.022916666666666665
11 0.328125 0.14895833333333333 0.1484375 0.020833333333333332
9 0.21940104166666666 0.49635416666666665 0.037760416666666664 0.03854166666666667
8 0.220703125 0.4973958333333333 0.04296875 0.034375
11 0.6145833333333334 0.16145833333333334 0.15625 0.03125
10 0.0625 0.8104166666666667 0.049479166666666664 0.04375
9 0.035807291666666664 0.5416666666666666 0.022135416666666668 0.020833333333333332
