0 0.5716145833333334 0.2520833333333333 0.14322916666666666 0.10208333333333333
3 0.5618489583333334 0.46875 0.4752604166666667 0.17291666666666666
7 0.22916666666666666 0.48125 0.3723958333333333 0.20833333333333334
7 0.24348958333333334 0.43854166666666666 0.3802083333333333 0.19791666666666666
10 0.16666666666666666 0.4239583333333333 0.15885416666666666 0.14583333333333334
11 0.3333333333333333 0.12552083333333333 0.1953125 0.034375
3 0.537109375 0.459375 0.5299479166666666 0.2
0 0.5755208333333334 0.2578125 0.12760416666666666 0.10520833333333333
9 0.24348958333333334 0.43854166666666666 0.3802083333333333 0.19791666666666666
9 0.22916666666666666 0.48125 0.3723958333333333 0.20833333333333334
11 0.17838541666666666 0.2703125 0.16666666666666666 0.26145833333333335
