13 0.7506510416666666 0.28854166666666664 0.23828125 0.18125
11 0.3860677083333333 0.19166666666666668 0.10026041666666667 0.029166666666666667
13 0.744140625 0.35989583333333336 0.2721354166666667 0.3177083333333333
0 0.5872395833333334 0.33489583333333334 0.10677083333333333 0.10729166666666666
13 0.73046875 0.3145833333333333 0.2942708333333333 0.2604166666666667
6 0.73046875 0.3145833333333333 0.2942708333333333 0.2604166666666667
7 0.837890625 0.3338541666666667 0.053385416666666664 0.046875
6 0.32421875 0.3411458333333333 0.2864583333333333 0.27395833333333336
7 0.8151041666666666 0.4588541666666667 0.059895833333333336 0.04479166666666667
13 0.306640625 0.33697916666666666 0.3294270833333333 0.25729166666666664
7 0.8157552083333334 0.46510416666666665 0.07682291666666667 0.057291666666666664
13 0.32421875 0.3411458333333333 0.2864583333333333 0.27395833333333336
13 0.3177083333333333 0.34270833333333334 0.2864583333333333 0.275
