8 0.33642578125 0.283203125 0.0185546875 0.013671875
9 0.30810546875 0.619140625 0.0654296875 0.052734375
11 0.68798828125 0.18017578125 0.0791015625 0.0361328125
11 0.3857421875 0.16748046875 0.04296875 0.0185546875
11 0.4228515625 0.1669921875 0.068359375 0.0234375
9 0.33642578125 0.283203125 0.0185546875 0.013671875
7 0.30810546875 0.619140625 0.0654296875 0.052734375
5 0.30712890625 0.60791015625 0.0888671875 0.1572265625
13 0.4228515625 0.1669921875 0.068359375 0.0234375
8 0.33544921875 0.283203125 0.0166015625 0.01953125
7 0.314453125 0.5244140625 0.0625 0.044921875
11 0.65966796875 0.171875 0.1240234375 0.029296875
9 0.314453125 0.5244140625 0.0625 0.044921875
