10 0.15835777126099707 0.7929171668667467 0.02932551319648094 0.04201680672268908
3 0.5256598240469208 0.6764705882352942 0.38563049853372433 0.13805522208883553
11 0.16862170087976538 0.787515006002401 0.04985337243401759 0.04081632653061224
3 0.5256598240469208 0.6884753901560624 0.37976539589442815 0.13805522208883553
10 0.8145161290322581 0.826530612244898 0.036656891495601175 0.07082833133253301
10 0.16862170087976538 0.787515006002401 0.04985337243401759 0.04081632653061224
0 0.5439882697947214 0.3727490996398559 0.11143695014662756 0.08763505402160865
11 0.8145161290322581 0.826530612244898 0.036656891495601175 0.07082833133253301
11 0.15835777126099707 0.7929171668667467 0.02932551319648094 0.04201680672268908
0 0.5461876832844574 0.37214885954381755 0.10410557184750734 0.09123649459783914
11 0.6209677419354839 0.24429771908763506 0.10997067448680352 0.02040816326530612
0 0.5447214076246334 0.3673469387755102 0.1158357771260997 0.07923169267707082
9 0.25219941348973607 0.741296518607443 0.16129032258064516 0.04441776710684274
11 0.3379765395894428 0.24489795918367346 0.10117302052785923 0.01680672268907563
