11 0.5677491601343785 0.1561065197428834 0.10974244120940649 0.025711662075298437
13 0.14669652855543114 0.5362718089990818 0.10526315789473684 0.027548209366391185
13 0.14613661814109744 0.5909090909090909 0.11086226203807391 0.12396694214876033
11 0.10582306830907055 0.6905417814508723 0.023516237402015677 0.0844811753902663
11 0.10078387458006718 0.6680440771349863 0.029115341545352745 0.13131313131313133
2 0.10582306830907055 0.6905417814508723 0.023516237402015677 0.0844811753902663
9 0.38633818589025753 0.3654729109274564 0.11198208286674133 0.24426078971533516
9 0.5727883538633819 0.33287419651056016 0.11758118701007839 0.12764003673094582
0 0.5655095184770437 0.3411386593204775 0.14781634938409854 0.1386593204775023
3 0.5526315789473685 0.5656565656565656 0.522956326987682 0.13406795224977044
2 0.10078387458006718 0.6680440771349863 0.029115341545352745 0.13131313131313133
3 0.5599104143337066 0.5835629017447199 0.5263157894736842 0.12029384756657484
0 0.5352743561030235 0.3337924701561065 0.1881298992161254 0.14416896235078053
13 0.15733482642777155 0.6290174471992653 0.07278835386338185 0.14325068870523416
3 0.5453527435610303 0.5876951331496786 0.5016797312430011 0.11570247933884298
