13 0.24348958333333334 0.3375 0.28125 0.44375
13 0.193359375 0.4296875 0.19921875 0.30520833333333336
6 0.6608072916666666 0.2125 0.18098958333333334 0.16875
11 0.25 0.14635416666666667 0.2578125 0.16354166666666667
10 0.17317708333333334 0.6276041666666666 0.24479166666666666 0.340625
13 0.6477864583333334 0.20260416666666667 0.23307291666666666 0.171875
6 0.24088541666666666 0.23072916666666668 0.234375 0.18645833333333334
10 0.10872395833333333 0.6078125 0.21484375 0.165625
11 0.208984375 0.20885416666666667 0.2643229166666667 0.26145833333333335
10 0.14713541666666666 0.6208333333333333 0.2838541666666667 0.15208333333333332
7 0.23307291666666666 0.6083333333333333 0.18489583333333334 0.12291666666666666
13 0.6477864583333334 0.24322916666666666 0.2643229166666667 0.30104166666666665
6 0.6477864583333334 0.24322916666666666 0.2643229166666667 0.30104166666666665
7 0.20833333333333334 0.6145833333333334 0.20572916666666666 0.1
13 0.24088541666666666 0.23072916666666668 0.234375 0.18645833333333334
6 0.6477864583333334 0.20260416666666667 0.23307291666666666 0.171875
10 0.177734375 0.33645833333333336 0.14973958333333334 0.12708333333333333
13 0.255859375 0.209375 0.2591145833333333 0.20625
6 0.255859375 0.209375 0.2591145833333333 0.20625
6 0.24348958333333334 0.3375 0.28125 0.44375
13 0.22786458333333334 0.4510416666666667 0.2421875 0.3020833333333333
7 0.22200520833333334 0.6234375 0.22526041666666666 0.11770833333333333
