10 0.13947990543735225 0.6845703125 0.054373522458628844 0.076171875
7 0.7239952718676123 0.28125 0.30141843971631205 0.35546875
6 0.2186761229314421 0.3974609375 0.2198581560283688 0.365234375
6 0.20508274231678486 0.43310546875 0.15721040189125296 0.4677734375
6 0.7293144208037825 0.283203125 0.29314420803782504 0.357421875
10 0.7884160756501182 0.64990234375 0.2198581560283688 0.2666015625
10 0.7990543735224587 0.662109375 0.18912529550827423 0.1171875
10 0.8351063829787234 0.64892578125 0.12411347517730496 0.1650390625
4 0.7293144208037825 0.283203125 0.29314420803782504 0.357421875
6 0.7239952718676123 0.28125 0.30141843971631205 0.35546875
10 0.1359338061465721 0.68408203125 0.07801418439716312 0.0673828125
4 0.2186761229314421 0.3974609375 0.2198581560283688 0.365234375
6 0.21099290780141844 0.42138671875 0.17375886524822695 0.3310546875
11 0.1288416075650118 0.6806640625 0.061465721040189124 0.072265625
13 0.7293144208037825 0.283203125 0.29314420803782504 0.357421875
6 0.7322695035460993 0.30078125 0.32269503546099293 0.357421875
11 0.7884160756501182 0.64990234375 0.2198581560283688 0.2666015625
13 0.2186761229314421 0.3974609375 0.2198581560283688 0.365234375
10 0.1288416075650118 0.6806640625 0.061465721040189124 0.072265625
