6 0.279651795429815 0.6465437788018433 0.15669205658324264 0.1870967741935484
9 0.8982589771490751 0.5147465437788018 0.04896626768226333 0.32350230414746545
13 0.8340587595212187 0.6433179723502304 0.029379760609358 0.1271889400921659
7 0.2089227421109902 0.7119815668202765 0.28726877040261156 0.2847926267281106
13 0.8389553862894451 0.6423963133640553 0.023939064200217627 0.13640552995391705
9 0.3291621327529924 0.04838709677419355 0.1381936887921654 0.09308755760368663
0 0.5642002176278563 0.34147465437788016 0.09466811751904244 0.07649769585253456
11 0.10282916213275299 0.8262672811059908 0.09466811751904244 0.08571428571428572
10 0.10282916213275299 0.8262672811059908 0.09466811751904244 0.08571428571428572
9 0.8585418933623504 0.38894009216589864 0.1588683351468988 0.6359447004608295
9 0.6180631120783461 0.7889400921658987 0.16974972796517954 0.04423963133640553
9 0.8471164309031556 0.37695852534562213 0.30359085963003263 0.22672811059907835
13 0.8378672470076169 0.6433179723502304 0.04352557127312296 0.11797235023041475
9 0.6311207834602829 0.17603686635944701 0.117519042437432 0.1456221198156682
9 0.7720348204570185 0.05806451612903226 0.3101196953210011 0.09400921658986175
9 0.5239390642002176 0.06682027649769585 0.5560391730141458 0.13179723502304147
9 0.5495103373231773 0.06267281105990784 0.6877040261153428 0.09400921658986175
10 0.09684439608269858 0.8253456221198157 0.04570184983677911 0.03778801843317972
9 0.9211099020674647 0.4686635944700461 0.11860718171926006 0.4304147465437788
11 0.09684439608269858 0.8253456221198157 0.04570184983677911 0.03778801843317972
7 0.10282916213275299 0.8262672811059908 0.09466811751904244 0.08571428571428572
