0 0.5177304964539007 0.30126953125 0.12056737588652482 0.1025390625
8 0.31619385342789597 0.4892578125 0.015366430260047281 0.015625
8 0.23581560283687944 0.49072265625 0.01773049645390071 0.0185546875
3 0.5638297872340425 0.5322265625 0.43498817966903075 0.13671875
13 0.33747044917257685 0.3134765625 0.08865248226950355 0.11328125
0 0.5366430260047281 0.296875 0.09219858156028368 0.0859375
3 0.5620567375886525 0.517578125 0.4219858156028369 0.107421875
8 0.2919621749408983 0.453125 0.016548463356973995 0.015625
0 0.5153664302600472 0.29443359375 0.1276595744680851 0.0927734375
3 0.5697399527186762 0.51953125 0.42789598108747046 0.091796875
8 0.2706855791962175 0.40283203125 0.014184397163120567 0.0244140625
