3 0.569101678183613 0.7113289760348583 0.4096742349457058 0.12636165577342048
0 0.5266535044422508 0.42320261437908496 0.08390918065153011 0.11002178649237472
13 0.2601184600197433 0.576797385620915 0.24777887462981243 0.3017429193899782
13 0.29318854886475815 0.6083877995642701 0.10858835143139191 0.11220043572984749
6 0.2764067127344521 0.5866013071895425 0.20533070088845015 0.238562091503268
13 0.2764067127344521 0.5866013071895425 0.20533070088845015 0.238562091503268
3 0.5745310957551826 0.7391067538126361 0.43237907206317866 0.13398692810457516
6 0.2601184600197433 0.576797385620915 0.24777887462981243 0.3017429193899782
13 0.2472852912142152 0.5108932461873639 0.14313919052319843 0.0784313725490196
3 0.5241855873642646 0.43028322440087147 0.10266535044422508 0.11328976034858387
13 0.22013820335636722 0.4466230936819172 0.059230009871668314 0.034858387799564274
3 0.5459032576505429 0.7091503267973857 0.39486673247778875 0.10675381263616558
