8 0.7704081632653061 0.57568359375 0.0163265306122449 0.0185546875
11 0.6142857142857143 0.14697265625 0.13877551020408163 0.0400390625
8 0.825 0.69189453125 0.013265306122448979 0.0126953125
11 0.37448979591836734 0.1572265625 0.07959183673469387 0.03515625
8 0.23316326530612244 0.435546875 0.02346938775510204 0.03125
8 0.7591836734693878 0.35107421875 0.022448979591836733 0.0302734375
8 0.28622448979591836 0.33349609375 0.02142857142857143 0.0224609375
8 0.7954081632653062 0.7705078125 0.009183673469387756 0.009765625
11 0.6198979591836735 0.16357421875 0.1663265306122449 0.1142578125
8 0.7719387755102041 0.576171875 0.013265306122448979 0.017578125
8 0.24336734693877551 0.43896484375 0.0336734693877551 0.0322265625
8 0.7545918367346939 0.3515625 0.02346938775510204 0.025390625
8 0.7408163265306122 0.2939453125 0.02040816326530612 0.01953125
8 0.738265306122449 0.294921875 0.025510204081632654 0.015625
8 0.7357142857142858 0.29736328125 0.0163265306122449 0.0205078125
0 0.5474489795918367 0.3505859375 0.11734693877551021 0.1015625
8 0.25204081632653064 0.3037109375 0.022448979591836733 0.021484375
8 0.7948979591836735 0.3955078125 0.0163265306122449 0.013671875
8 0.2530612244897959 0.3037109375 0.02040816326530612 0.01953125
8 0.7938775510204081 0.396484375 0.02040816326530612 0.017578125
8 0.7556122448979592 0.3515625 0.025510204081632654 0.025390625
8 0.25357142857142856 0.30029296875 0.02346938775510204 0.0244140625
8 0.286734693877551 0.33154296875 0.018367346938775512 0.0185546875
9 0.23316326530612244 0.435546875 0.02346938775510204 0.03125
8 0.7714285714285715 0.3056640625 0.024489795918367346 0.02734375
8 0.7714285714285715 0.3056640625 0.026530612244897958 0.021484375
8 0.7683673469387755 0.30419921875 0.030612244897959183 0.0302734375
8 0.7704081632653061 0.57421875 0.014285714285714285 0.021484375
