0 0.6588541666666666 0.33645833333333336 0.17447916666666666 0.11875
0 0.6842447916666666 0.36302083333333335 0.12890625 0.109375
3 0.6959635416666666 0.5557291666666667 0.49609375 0.13854166666666667
2 0.6985677083333334 0.3390625 0.06901041666666667 0.06770833333333333
4 0.4733072916666667 0.40625 0.16536458333333334 0.2520833333333333
11 0.4485677083333333 0.2755208333333333 0.15234375 0.036458333333333336
3 0.6725260416666666 0.5380208333333333 0.5065104166666666 0.15729166666666666
11 0.693359375 0.2604166666666667 0.14453125 0.058333333333333334
7 0.486328125 0.38385416666666666 0.12630208333333334 0.21145833333333333
3 0.6959635416666666 0.5489583333333333 0.4908854166666667 0.1375
0 0.6764322916666666 0.3463541666666667 0.20182291666666666 0.14895833333333333
