0 0.5378250591016549 0.24072265625 0.11583924349881797 0.0888671875
11 0.19562647754137116 0.57958984375 0.06973995271867613 0.0615234375
7 0.27955082742316784 0.47265625 0.23995271867612294 0.17578125
10 0.19562647754137116 0.57958984375 0.06973995271867613 0.0615234375
3 0.5626477541371159 0.52978515625 0.4846335697399527 0.1123046875
3 0.5620567375886525 0.4951171875 0.45271867612293143 0.103515625
0 0.5384160756501182 0.2490234375 0.10283687943262411 0.107421875
7 0.7074468085106383 0.43603515625 0.23995271867612294 0.2373046875
6 0.27955082742316784 0.47265625 0.23995271867612294 0.17578125
11 0.8303782505910166 0.560546875 0.08156028368794327 0.08203125
10 0.19680851063829788 0.5673828125 0.12411347517730496 0.05859375
6 0.30200945626477543 0.43212890625 0.24468085106382978 0.3056640625
10 0.8303782505910166 0.560546875 0.08156028368794327 0.08203125
10 0.1979905437352246 0.5849609375 0.04373522458628842 0.052734375
11 0.19680851063829788 0.5673828125 0.12411347517730496 0.05859375
11 0.1979905437352246 0.5849609375 0.04373522458628842 0.052734375
7 0.7712765957446809 0.49365234375 0.13356973995271867 0.1279296875
6 0.7464539007092199 0.48681640625 0.17848699763593381 0.1376953125
7 0.3102836879432624 0.43603515625 0.2375886524822695 0.2587890625
7 0.7464539007092199 0.48681640625 0.17848699763593381 0.1376953125
0 0.5484633569739953 0.25 0.09456264775413711 0.1015625
7 0.30200945626477543 0.43212890625 0.24468085106382978 0.3056640625
