0 0.608499095840868 0.33002092050209203 0.11211573236889692 0.1202928870292887
8 0.43670886075949367 0.24267782426778242 0.023508137432188065 0.03556485355648536
9 0.7766726943942134 0.497907949790795 0.023508137432188065 0.027196652719665274
0 0.6103074141048824 0.33263598326359833 0.11030741410488246 0.12761506276150628
9 0.391500904159132 0.18619246861924685 0.0325497287522604 0.02510460251046025
8 0.7766726943942134 0.4952928870292887 0.0216998191681736 0.032426778242677826
9 0.8001808318264014 0.36976987447698745 0.0216998191681736 0.021966527196652718
9 0.8978300180831826 0.39748953974895396 0.027124773960216998 0.04602510460251046
9 0.7956600361663653 0.6103556485355649 0.0433996383363472 0.06380753138075314
9 0.27260397830018085 0.5434100418410042 0.020795660036166366 0.02405857740585774
9 0.43670886075949367 0.24267782426778242 0.023508137432188065 0.03556485355648536
8 0.2721518987341772 0.5434100418410042 0.019891500904159132 0.02405857740585774
9 0.32459312839059673 0.5831589958158996 0.018083182640144666 0.015690376569037656
0 0.6161844484629295 0.3472803347280335 0.11482820976491863 0.14435146443514643
9 0.16817359855334538 0.34518828451882844 0.018083182640144666 0.02301255230125523
3 0.5994575045207957 0.6443514644351465 0.3435804701627486 0.17154811715481172
8 0.32459312839059673 0.5831589958158996 0.018083182640144666 0.015690376569037656
9 0.37386980108499096 0.38127615062761505 0.0406871609403255 0.0198744769874477
9 0.16003616636528029 0.39644351464435146 0.019891500904159132 0.03138075313807531
9 0.2504520795660036 0.4440376569037657 0.02531645569620253 0.04497907949790795
8 0.391500904159132 0.18619246861924685 0.0325497287522604 0.02510460251046025
9 0.16229656419529837 0.3713389121338912 0.026220614828209764 0.07531380753138076
2 0.7070524412296564 0.5481171548117155 0.06690777576853527 0.11715481171548117
