13 0.39990234375 0.19091796875 0.0341796875 0.0478515625
3 0.56494140625 0.5830078125 0.3662109375 0.107421875
13 0.39013671875 0.19140625 0.0498046875 0.0546875
0 0.59130859375 0.30908203125 0.0927734375 0.1201171875
13 0.669921875 0.2099609375 0.064453125 0.056640625
3 0.5654296875 0.58447265625 0.36328125 0.0966796875
13 0.671875 0.21044921875 0.0703125 0.0537109375
0 0.5859375 0.30419921875 0.11328125 0.1162109375
0 0.5751953125 0.3115234375 0.119140625 0.125
13 0.67236328125 0.21142578125 0.0634765625 0.0498046875
13 0.40087890625 0.19580078125 0.0498046875 0.0458984375
