10 0.6875 0.39191073919107394 0.35 0.6359832635983264
10 0.72578125 0.4735006973500697 0.2828125 0.4393305439330544
12 0.62734375 0.19525801952580196 0.1984375 0.22873082287308227
7 0.71953125 0.3207810320781032 0.1796875 0.15341701534170155
12 0.725 0.31311018131101814 0.175 0.15481171548117154
10 0.709375 0.16108786610878661 0.24375 0.2105997210599721
11 0.3625 0.0794979079497908 0.203125 0.08368200836820083
4 0.30859375 0.4895397489539749 0.3203125 0.34309623430962344
10 0.69296875 0.39609483960948394 0.3609375 0.6638772663877266
1 0.30859375 0.4895397489539749 0.3203125 0.34309623430962344
