7 0.24763593380614657 0.474609375 0.17375886524822695 0.333984375
13 0.2429078014184397 0.43701171875 0.12411347517730496 0.0537109375
9 0.24763593380614657 0.474609375 0.17375886524822695 0.333984375
7 0.20035460992907803 0.330078125 0.08628841607565012 0.05859375
9 0.4302600472813239 0.3837890625 0.09456264775413711 0.37890625
3 0.5927895981087471 0.6357421875 0.4314420803782506 0.091796875
13 0.24763593380614657 0.474609375 0.17375886524822695 0.333984375
13 0.2198581560283688 0.44580078125 0.18439716312056736 0.0673828125
7 0.708628841607565 0.6171875 0.22104018912529552 0.1796875
0 0.5466903073286052 0.30859375 0.10047281323877069 0.095703125
13 0.2127659574468085 0.32421875 0.1182033096926714 0.0625
0 0.539598108747045 0.306640625 0.10756501182033097 0.083984375
13 0.32210401891252954 0.32177734375 0.0508274231678487 0.0439453125
