11 0.12955729166666666 0.7276041666666667 0.053385416666666664 0.103125
10 0.12955729166666666 0.7276041666666667 0.053385416666666664 0.103125
11 0.708984375 0.7671875 0.22526041666666666 0.084375
10 0.8033854166666666 0.7619791666666667 0.06770833333333333 0.17395833333333333
11 0.15494791666666666 0.64375 0.07552083333333333 0.18541666666666667
0 0.51953125 0.31614583333333335 0.12760416666666666 0.10104166666666667
11 0.15104166666666666 0.6947916666666667 0.09635416666666667 0.16666666666666666
11 0.14518229166666666 0.6859375 0.10286458333333333 0.19895833333333332
11 0.8033854166666666 0.7619791666666667 0.06770833333333333 0.17395833333333333
11 0.7845052083333334 0.7416666666666667 0.06640625 0.08125
