5 0.29401805869074493 0.4764292878635908 0.28103837471783294 0.5616850551654965
11 0.2172686230248307 0.24373119358074222 0.062076749435665914 0.0802407221664995
10 0.1879232505643341 0.697592778335005 0.19977426636568849 0.3881644934804413
10 0.1901805869074492 0.6925777331995988 0.18848758465011287 0.25175526579739216
7 0.2827313769751693 0.5095285857572718 0.23137697516930023 0.45336008024072216
11 0.3747178329571106 0.19558676028084251 0.22121896162528218 0.10631895687061184
7 0.26749435665914223 0.34904714142427284 0.17607223476297967 0.24473420260782347
5 0.2827313769751693 0.5095285857572718 0.23137697516930023 0.45336008024072216
10 0.21275395033860045 0.7106318956870612 0.2562076749435666 0.20561685055165496
11 0.3295711060948081 0.21213640922768304 0.30699774266365687 0.12337011033099297
