8 0.8534278959810875 0.68896484375 0.01182033096926714 0.0126953125
10 0.13711583924349882 0.72021484375 0.1016548463356974 0.1142578125
8 0.8522458628841607 0.68896484375 0.016548463356973995 0.0107421875
3 0.5809692671394799 0.63916015625 0.4787234042553192 0.1650390625
8 0.8014184397163121 0.6787109375 0.016548463356973995 0.013671875
3 0.5803782505910166 0.658203125 0.491725768321513 0.1171875
11 0.8569739952718676 0.732421875 0.03309692671394799 0.037109375
11 0.14716312056737588 0.72802734375 0.04846335697399527 0.0478515625
3 0.5750591016548463 0.64794921875 0.48108747044917255 0.1142578125
11 0.13711583924349882 0.72021484375 0.1016548463356974 0.1142578125
10 0.8569739952718676 0.732421875 0.03309692671394799 0.037109375
0 0.5856973995271868 0.34228515625 0.11702127659574468 0.1318359375
8 0.8008274231678487 0.677734375 0.02009456264775414 0.015625
0 0.5862884160756501 0.32470703125 0.1182033096926714 0.0986328125
11 0.1400709219858156 0.73388671875 0.04846335697399527 0.0458984375
10 0.14716312056737588 0.72802734375 0.04846335697399527 0.0478515625
10 0.1400709219858156 0.73388671875 0.04846335697399527 0.0458984375
0 0.5957446808510638 0.32421875 0.09456264775413711 0.078125
