10 0.140625 0.68125 0.044270833333333336 0.06041666666666667
10 0.13932291666666666 0.671875 0.049479166666666664 0.04583333333333333
0 0.5390625 0.30885416666666665 0.09635416666666667 0.09270833333333334
11 0.140625 0.68125 0.044270833333333336 0.06041666666666667
10 0.13997395833333334 0.6484375 0.05859375 0.109375
0 0.5305989583333334 0.3098958333333333 0.11848958333333333 0.09479166666666666
11 0.13997395833333334 0.6484375 0.05859375 0.109375
11 0.365234375 0.16927083333333334 0.13932291666666666 0.13229166666666667
11 0.353515625 0.146875 0.08984375 0.029166666666666667
3 0.5227864583333334 0.6083333333333333 0.37109375 0.14375
11 0.13932291666666666 0.671875 0.049479166666666664 0.04583333333333333
3 0.521484375 0.625 0.37890625 0.12708333333333333
