2 0.4838709677419355 0.3895558223289316 0.020527859237536656 0.02040816326530612
2 0.5703812316715543 0.7076830732292917 0.03225806451612903 0.03961584633853541
11 0.16055718475073313 0.78031212484994 0.039589442815249266 0.07923169267707082
6 0.25513196480938416 0.35234093637454983 0.2287390029325513 0.2797118847539016
11 0.28225806451612906 0.22509003601440578 0.13049853372434017 0.056422569027611044
2 0.5109970674486803 0.38535414165666265 0.01906158357771261 0.014405762304921969
10 0.15542521994134897 0.7917166866746699 0.04398826979472141 0.04201680672268908
13 0.25 0.4957983193277311 0.18035190615835778 0.3865546218487395
0 0.5131964809384164 0.38235294117647056 0.15835777126099707 0.16686674669867949
0 0.5153958944281525 0.3631452581032413 0.13929618768328444 0.15486194477791115
2 0.29545454545454547 0.34813925570228094 0.021994134897360705 0.01920768307322929
9 0.4149560117302053 0.3097238895558223 0.12316715542521994 0.2857142857142857
13 0.6348973607038123 0.3013205282112845 0.20821114369501467 0.17286914765906364
1 0.25513196480938416 0.35234093637454983 0.2287390029325513 0.2797118847539016
9 0.40249266862170086 0.31032412965186074 0.1158357771260997 0.26290516206482595
13 0.2529325513196481 0.60984393757503 0.09824046920821114 0.17286914765906364
13 0.6532258064516129 0.28811524609843936 0.1744868035190616 0.18247298919567828
0 0.5131964809384164 0.36614645858343337 0.1436950146627566 0.13925570228091236
7 0.28225806451612906 0.22509003601440578 0.13049853372434017 0.056422569027611044
13 0.26099706744868034 0.37695078031212487 0.1935483870967742 0.23289315726290516
11 0.2859237536656892 0.23289315726290516 0.1466275659824047 0.06962785114045618
13 0.6473607038123167 0.3157262905162065 0.1656891495601173 0.18487394957983194
11 0.2895894428152493 0.23229291716686676 0.13636363636363635 0.08283313325330131
13 0.25513196480938416 0.35234093637454983 0.2287390029325513 0.2797118847539016
11 0.16129032258064516 0.7887154861944778 0.04398826979472141 0.04081632653061224
11 0.15542521994134897 0.7917166866746699 0.04398826979472141 0.04201680672268908
2 0.5608504398826979 0.6284513805522209 0.02785923753665689 0.027611044417767107
2 0.5615835777126099 0.6296518607442977 0.02932551319648094 0.027611044417767107
