0 0.5510416666666667 0.3409533073929961 0.1 0.10214007782101167
9 0.4119791666666667 0.37013618677042803 0.07395833333333333 0.12159533073929961
11 0.5953125 0.19017509727626458 0.08854166666666667 0.04377431906614786
13 0.34739583333333335 0.26848249027237353 0.078125 0.1245136186770428
10 0.13333333333333333 0.8380350194552529 0.06875 0.0632295719844358
10 0.13541666666666666 0.8224708171206225 0.07291666666666667 0.07295719844357977
13 0.16875 0.49221789883268485 0.05 0.03501945525291829
8 0.4119791666666667 0.37013618677042803 0.07395833333333333 0.12159533073929961
10 0.12760416666666666 0.8404669260700389 0.051041666666666666 0.08365758754863813
11 0.13541666666666666 0.8224708171206225 0.07291666666666667 0.07295719844357977
7 0.4119791666666667 0.37013618677042803 0.07395833333333333 0.12159533073929961
11 0.12760416666666666 0.8404669260700389 0.051041666666666666 0.08365758754863813
11 0.38177083333333334 0.1930933852140078 0.08645833333333333 0.03404669260700389
11 0.13333333333333333 0.8380350194552529 0.06875 0.0632295719844358
