11 0.337890625 0.16666666666666666 0.16015625 0.06666666666666667
10 0.2669270833333333 0.5494791666666666 0.2682291666666667 0.159375
0 0.5651041666666666 0.32760416666666664 0.11458333333333333 0.10104166666666667
10 0.2747395833333333 0.5505208333333333 0.2864583333333333 0.13229166666666667
10 0.23893229166666666 0.5901041666666667 0.24869791666666666 0.23020833333333332
11 0.34765625 0.16510416666666666 0.1640625 0.04479166666666667
7 0.3509114583333333 0.41510416666666666 0.08984375 0.140625
13 0.3125 0.4479166666666667 0.1640625 0.19791666666666666
11 0.7135416666666666 0.15260416666666668 0.09635416666666667 0.06145833333333333
11 0.6608072916666666 0.15260416666666668 0.17057291666666666 0.04479166666666667
3 0.548828125 0.5703125 0.4388020833333333 0.13020833333333334
11 0.708984375 0.15416666666666667 0.08984375 0.05416666666666667
11 0.3125 0.16197916666666667 0.09114583333333333 0.04479166666666667
3 0.548828125 0.5807291666666666 0.4544270833333333 0.109375
