13 0.740301724137931 0.4954128440366973 0.2349137931034483 0.3853211009174312
13 0.7268318965517241 0.4577981651376147 0.25323275862068967 0.3926605504587156
11 0.8949353448275862 0.8408256880733945 0.02478448275862069 0.03394495412844037
11 0.34375 0.22568807339449543 0.07974137931034483 0.027522935779816515
13 0.28933189655172414 0.3660550458715596 0.18426724137931033 0.22568807339449543
13 0.7570043103448276 0.4591743119266055 0.19288793103448276 0.40458715596330275
13 0.3232758620689655 0.3922018348623853 0.2413793103448276 0.26513761467889907
11 0.36853448275862066 0.22844036697247708 0.11637931034482758 0.01834862385321101
11 0.671875 0.23440366972477064 0.1476293103448276 0.01926605504587156
2 0.7570043103448276 0.4591743119266055 0.19288793103448276 0.40458715596330275
11 0.7144396551724138 0.23577981651376148 0.0603448275862069 0.023853211009174313
13 0.32489224137931033 0.4096330275229358 0.24892241379310345 0.2834862385321101
0 0.5641163793103449 0.4151376146788991 0.11745689655172414 0.12385321100917432
2 0.28933189655172414 0.3660550458715596 0.18426724137931033 0.22568807339449543
