8 0.20363636363636364 0.6384180790960452 0.012121212121212121 0.00903954802259887
8 0.21818181818181817 0.5790960451977402 0.02666666666666667 0.03502824858757062
2 0.20727272727272728 0.5711864406779661 0.06060606060606061 0.04632768361581921
13 0.21818181818181817 0.5790960451977402 0.02666666666666667 0.03502824858757062
11 0.2636363636363636 0.1751412429378531 0.12 0.03615819209039548
13 0.19151515151515153 0.559322033898305 0.012121212121212121 0.013559322033898305
8 0.2175757575757576 0.5807909604519774 0.037575757575757575 0.03615819209039548
8 0.20909090909090908 0.5333333333333333 0.020606060606060607 0.013559322033898305
8 0.1903030303030303 0.5621468926553672 0.024242424242424242 0.02598870056497175
8 0.19151515151515153 0.559322033898305 0.012121212121212121 0.013559322033898305
