8 0.24544270833333334 0.4796875 0.01953125 0.019791666666666666
8 0.57421875 0.3489583333333333 0.015625 0.014583333333333334
8 0.22005208333333334 0.4901041666666667 0.23697916666666666 0.3072916666666667
0 0.490234375 0.35885416666666664 0.07942708333333333 0.06979166666666667
8 0.15755208333333334 0.5380208333333333 0.046875 0.03854166666666667
8 0.724609375 0.6682291666666667 0.016927083333333332 0.013541666666666667
11 0.5423177083333334 0.19322916666666667 0.11588541666666667 0.03229166666666667
8 0.6790364583333334 0.45208333333333334 0.014322916666666666 0.0125
8 0.6731770833333334 0.384375 0.018229166666666668 0.014583333333333334
8 0.6927083333333334 0.49635416666666665 0.21354166666666666 0.453125
8 0.1640625 0.6666666666666666 0.0234375 0.016666666666666666
8 0.6731770833333334 0.49270833333333336 0.24739583333333334 0.4395833333333333
8 0.197265625 0.5057291666666667 0.25390625 0.44895833333333335
11 0.2903645833333333 0.20729166666666668 0.14583333333333334 0.029166666666666667
8 0.638671875 0.2911458333333333 0.01953125 0.015625
8 0.6165364583333334 0.32447916666666665 0.022135416666666668 0.017708333333333333
8 0.626953125 0.5036458333333333 0.016927083333333332 0.013541666666666667
