6 0.21158854166666666 0.5057291666666667 0.11848958333333333 0.06354166666666666
9 0.2838541666666667 0.6036458333333333 0.34375 0.190625
10 0.08854166666666667 0.696875 0.028645833333333332 0.05
7 0.3014322916666667 0.3515625 0.10026041666666667 0.071875
9 0.234375 0.6463541666666667 0.3359375 0.19479166666666667
9 0.20377604166666666 0.6411458333333333 0.13411458333333334 0.053125
12 0.298828125 0.234375 0.2643229166666667 0.12291666666666666
12 0.3014322916666667 0.2375 0.25390625 0.11458333333333333
13 0.3014322916666667 0.3515625 0.10026041666666667 0.071875
6 0.3170572916666667 0.3541666666666667 0.08723958333333333 0.052083333333333336
11 0.5540364583333334 0.20989583333333334 0.029947916666666668 0.030208333333333334
12 0.296875 0.23541666666666666 0.2526041666666667 0.1125
1 0.234375 0.6463541666666667 0.3359375 0.19479166666666667
11 0.08854166666666667 0.696875 0.028645833333333332 0.05
