13 0.41849529780564265 0.33989021043000917 0.109717868338558 0.3357731015553522
9 0.22622779519331243 0.17657822506861848 0.3396029258098224 0.20860018298261665
9 0.2413793103448276 0.1372369624885636 0.40752351097178685 0.2744739249771272
9 0.758098223615465 0.1797804208600183 0.2309299895506792 0.19853613906678866
9 0.1917450365726228 0.16925892040256177 0.3270637408568443 0.21957913998170173
0 0.5642633228840125 0.40439158279963405 0.0877742946708464 0.15187557182067704
6 0.41849529780564265 0.33989021043000917 0.109717868338558 0.3357731015553522
13 0.3176593521421108 0.696248856358646 0.08568443051201671 0.018298261665141813
9 0.7460815047021944 0.1514181152790485 0.3051201671891327 0.21866422689844464
0 0.5663531870428422 0.36322049405306495 0.08986415882967608 0.07319304666056725
9 0.725705329153605 0.1404391582799634 0.3187042842215256 0.25709057639524246
6 0.599791013584117 0.24885635864592864 0.07314524555903866 0.1537053979871912
