3 0.5143229166666666 0.47604166666666664 0.4479166666666667 0.14375
3 0.5247395833333334 0.46927083333333336 0.4088541666666667 0.15104166666666666
10 0.11653645833333333 0.48385416666666664 0.061197916666666664 0.071875
0 0.5611979166666666 0.29270833333333335 0.13802083333333334 0.12916666666666668
3 0.5364583333333334 0.48020833333333335 0.4661458333333333 0.13958333333333334
10 0.103515625 0.46822916666666664 0.07161458333333333 0.10729166666666666
0 0.5423177083333334 0.2786458333333333 0.16796875 0.103125
0 0.55859375 0.30833333333333335 0.1484375 0.14791666666666667
11 0.11653645833333333 0.48385416666666664 0.061197916666666664 0.071875
11 0.103515625 0.46822916666666664 0.07161458333333333 0.10729166666666666
