4 0.234375 0.4588541666666667 0.16927083333333334 0.12604166666666666
7 0.23893229166666666 0.4505208333333333 0.17317708333333334 0.203125
7 0.21875 0.4421875 0.18229166666666666 0.18020833333333333
11 0.55859375 0.21302083333333333 0.08854166666666667 0.034375
11 0.345703125 0.20104166666666667 0.08203125 0.03125
13 0.21875 0.4421875 0.18229166666666666 0.18020833333333333
3 0.5078125 0.6151041666666667 0.3932291666666667 0.171875
6 0.23893229166666666 0.4505208333333333 0.17317708333333334 0.203125
3 0.51953125 0.6239583333333333 0.4036458333333333 0.16458333333333333
7 0.22135416666666666 0.4390625 0.19791666666666666 0.290625
3 0.513671875 0.6401041666666667 0.4153645833333333 0.15104166666666666
0 0.51953125 0.3572916666666667 0.12239583333333333 0.10208333333333333
