8 0.7494419642857143 0.24180734856007943 0.04352678571428571 0.026812313803376366
9 0.7494419642857143 0.24180734856007943 0.04352678571428571 0.026812313803376366
2 0.7723214285714286 0.2939424031777557 0.06473214285714286 0.12711022840119166
8 0.7834821428571429 0.34409136047666333 0.03571428571428571 0.030784508440913606
8 0.7717633928571429 0.301390268123138 0.08370535714285714 0.1300893743793446
9 0.7834821428571429 0.34409136047666333 0.03571428571428571 0.030784508440913606
13 0.7717633928571429 0.301390268123138 0.08370535714285714 0.1300893743793446
8 0.7751116071428571 0.2830188679245283 0.05022321428571429 0.033763654419066536
13 0.3671875 0.22442899702085403 0.020089285714285716 0.1012909632571996
11 0.6735491071428571 0.21201588877855015 0.19977678571428573 0.07646474677259185
0 0.5876116071428571 0.3316782522343595 0.10825892857142858 0.13505461767626614
13 0.36439732142857145 0.22641509433962265 0.0390625 0.09533267130089375
9 0.7751116071428571 0.2830188679245283 0.05022321428571429 0.033763654419066536
0 0.5892857142857143 0.34955312810327704 0.11383928571428571 0.14697120158887786
13 0.6796875 0.22542204568023833 0.09151785714285714 0.0913604766633565
0 0.5814732142857143 0.34508440913604765 0.13839285714285715 0.1300893743793446
13 0.3666294642857143 0.2701092353525323 0.021205357142857144 0.18470705064548162
