10 0.3141025641025641 0.5476429287863591 0.28846153846153844 0.16649949849548645
3 0.5811965811965812 0.5150451354062187 0.4636752136752137 0.1514543630892678
10 0.19604700854700854 0.5250752256770311 0.06944444444444445 0.09327983951855567
10 0.8237179487179487 0.5336008024072216 0.06196581196581197 0.10431293881644935
11 0.19604700854700854 0.5250752256770311 0.06944444444444445 0.09327983951855567
10 0.7467948717948718 0.574222668004012 0.21794871794871795 0.22567703109327983
4 0.29914529914529914 0.5285857572718154 0.16880341880341881 0.08224674022066199
10 0.6901709401709402 0.5521564694082247 0.3162393162393162 0.17552657973921765
7 0.29914529914529914 0.5285857572718154 0.16880341880341881 0.08224674022066199
11 0.8237179487179487 0.5336008024072216 0.06196581196581197 0.10431293881644935
10 0.2793803418803419 0.5566700100300903 0.25747863247863245 0.2728184553660983
