11 0.232421875 0.7177083333333333 0.037760416666666664 0.04375
10 0.8678385416666666 0.8682291666666667 0.03515625 0.059375
13 0.2591145833333333 0.3229166666666667 0.171875 0.16041666666666668
13 0.2109375 0.6223958333333334 0.036458333333333336 0.09270833333333334
13 0.2727864583333333 0.32708333333333334 0.21223958333333334 0.20625
11 0.8678385416666666 0.8682291666666667 0.03515625 0.059375
13 0.255859375 0.2859375 0.16276041666666666 0.13854166666666667
13 0.2571614583333333 0.6401041666666667 0.13671875 0.171875
10 0.10807291666666667 0.8463541666666666 0.044270833333333336 0.042708333333333334
13 0.18424479166666666 0.4666666666666667 0.09765625 0.09166666666666666
11 0.10807291666666667 0.8463541666666666 0.044270833333333336 0.042708333333333334
