13 0.7034198113207547 0.18361955085865259 0.10495283018867925 0.12945838837516513
0 0.5512971698113207 0.2985468956406869 0.13561320754716982 0.16380449141347425
0 0.5683962264150944 0.31241743725231175 0.1391509433962264 0.17569352708058125
13 0.19811320754716982 0.29788639365918096 0.10613207547169812 0.1096433289299868
0 0.5607311320754716 0.309114927344782 0.12853773584905662 0.16380449141347425
11 0.10141509433962265 0.750330250990753 0.02358490566037736 0.08718626155878467
10 0.10141509433962265 0.750330250990753 0.02358490566037736 0.08718626155878467
13 0.21992924528301888 0.2906208718626156 0.09551886792452831 0.10039630118890357
3 0.6008254716981132 0.6948480845442536 0.46108490566037735 0.18494055482166447
11 0.6556603773584906 0.1525759577278732 0.19339622641509435 0.12813738441215325
13 0.6981132075471698 0.190224570673712 0.10141509433962265 0.10568031704095113
3 0.6014150943396226 0.6763540290620872 0.46462264150943394 0.1453104359313078
