0 0.5615234375 0.24462890625 0.076171875 0.1142578125
0 0.54638671875 0.24755859375 0.0986328125 0.1064453125
11 0.7607421875 0.65185546875 0.056640625 0.0771484375
10 0.7607421875 0.65185546875 0.056640625 0.0771484375
8 0.34326171875 0.38525390625 0.1650390625 0.1201171875
0 0.55322265625 0.25244140625 0.0927734375 0.1220703125
8 0.3349609375 0.38623046875 0.15234375 0.1298828125
3 0.50927734375 0.564453125 0.3408203125 0.125
8 0.3369140625 0.38330078125 0.1640625 0.1123046875
7 0.3369140625 0.38330078125 0.1640625 0.1123046875
4 0.3369140625 0.38330078125 0.1640625 0.1123046875
