11 0.23208191126279865 0.63572267920094 0.1410693970420933 0.0799059929494712
0 0.568259385665529 0.3584018801410106 0.11717861205915814 0.11045828437132785
3 0.6131968145620023 0.6803760282021152 0.4550625711035267 0.1598119858989424
3 0.6006825938566553 0.6462984723854289 0.4891922639362912 0.17391304347826086
10 0.23208191126279865 0.63572267920094 0.1410693970420933 0.0799059929494712
9 0.2571103526734926 0.6310223266745005 0.12741751990898748 0.04700352526439483
3 0.5949943117178612 0.6844888366627497 0.4778156996587031 0.1445358401880141
0 0.573947667804323 0.34665099882491185 0.08304891922639362 0.0799059929494712
10 0.2582480091012514 0.6750881316098707 0.22525597269624573 0.12808460634547592
11 0.18543799772468714 0.672737955346651 0.06598407281001138 0.09048178613396005
7 0.2571103526734926 0.6310223266745005 0.12741751990898748 0.04700352526439483
10 0.18543799772468714 0.672737955346651 0.06598407281001138 0.09048178613396005
