8 0.22395833333333334 0.44635416666666666 0.013020833333333334 0.011458333333333333
8 0.5768229166666666 0.6682291666666667 0.013020833333333334 0.013541666666666667
0 0.5286458333333334 0.3515625 0.0859375 0.12604166666666666
8 0.46484375 0.45989583333333334 0.013020833333333334 0.011458333333333333
8 0.6204427083333334 0.5333333333333333 0.01171875 0.008333333333333333
8 0.22981770833333334 0.48802083333333335 0.21484375 0.271875
3 0.5188802083333334 0.5958333333333333 0.3763020833333333 0.09375
8 0.5709635416666666 0.4713541666666667 0.01171875 0.011458333333333333
8 0.3333333333333333 0.471875 0.013020833333333334 0.008333333333333333
8 0.279296875 0.6135416666666667 0.009114583333333334 0.008333333333333333
8 0.7154947916666666 0.2296875 0.01171875 0.009375
8 0.14518229166666666 0.48125 0.01171875 0.010416666666666666
3 0.5091145833333334 0.578125 0.390625 0.08333333333333333
8 0.7369791666666666 0.22708333333333333 0.010416666666666666 0.008333333333333333
8 0.2669270833333333 0.4953125 0.013020833333333334 0.009375
0 0.5123697916666666 0.34427083333333336 0.12630208333333334 0.11145833333333334
8 0.5065104166666666 0.5125 0.013020833333333334 0.010416666666666666
8 0.23828125 0.5286458333333334 0.013020833333333334 0.009375
0 0.4583333333333333 0.3625 0.2109375 0.14583333333333334
8 0.7578125 0.2484375 0.013020833333333334 0.007291666666666667
8 0.578125 0.5953125 0.013020833333333334 0.013541666666666667
8 0.263671875 0.39010416666666664 0.01171875 0.009375
8 0.216796875 0.5942708333333333 0.01171875 0.009375
8 0.13671875 0.6109375 0.010416666666666666 0.009375
