8 0.62158203125 0.4013671875 0.0615234375 0.15234375
13 0.78515625 0.3623046875 0.03515625 0.06640625
7 0.6572265625 0.40625 0.052734375 0.0859375
9 0.609375 0.39990234375 0.080078125 0.1533203125
11 0.41259765625 0.1181640625 0.0869140625 0.033203125
7 0.62158203125 0.4013671875 0.0615234375 0.15234375
0 0.5859375 0.29443359375 0.091796875 0.0810546875
11 0.64501953125 0.1142578125 0.0966796875 0.02734375
9 0.62158203125 0.4013671875 0.0615234375 0.15234375
11 0.42041015625 0.12158203125 0.1064453125 0.0341796875
9 0.60302734375 0.3876953125 0.0966796875 0.123046875
