13 0.23313782991202345 0.3817527010804322 0.12903225806451613 0.06962785114045618
11 0.6774193548387096 0.6794717887154862 0.03812316715542522 0.01920768307322929
8 0.6678885630498533 0.4525810324129652 0.11290322580645161 0.04801920768307323
7 0.6678885630498533 0.4525810324129652 0.11290322580645161 0.04801920768307323
9 0.6686217008797654 0.453781512605042 0.11730205278592376 0.060024009603841535
0 0.5344574780058651 0.2995198079231693 0.09530791788856305 0.10204081632653061
13 0.23533724340175954 0.37695078031212487 0.10117302052785923 0.06482593037214886
4 0.6627565982404692 0.4525810324129652 0.11730205278592376 0.05282112845138055
8 0.7441348973607038 0.6668667466986795 0.04252199413489736 0.030012004801920768
11 0.6803519061583577 0.6776710684273709 0.03225806451612903 0.01800720288115246
7 0.6627565982404692 0.4525810324129652 0.11730205278592376 0.05282112845138055
8 0.6686217008797654 0.453781512605042 0.11730205278592376 0.060024009603841535
0 0.5366568914956011 0.2929171668667467 0.093841642228739 0.07683073229291716
