7 0.7322239031770046 0.19363395225464192 0.23600605143721634 0.06896551724137931
13 0.273071104387292 0.22944297082228116 0.16187594553706505 0.13793103448275862
13 0.7329803328290468 0.1876657824933687 0.18910741301059 0.07824933687002653
9 0.2897125567322239 0.17771883289124668 0.12859304084720122 0.07427055702917772
7 0.2897125567322239 0.17771883289124668 0.12859304084720122 0.07427055702917772
11 0.6671709531013615 0.12798408488063662 0.12102874432677761 0.033156498673740056
11 0.6686838124054463 0.1259946949602122 0.10892586989409984 0.021220159151193633
7 0.30559757942511345 0.17175066312997347 0.22390317700453857 0.10742705570291777
7 0.7481089258698941 0.1929708222811671 0.1951588502269289 0.08885941644562334
11 0.6928895612708018 0.1226790450928382 0.1664145234493192 0.05968169761273209
