0 0.4557291666666667 0.2833333333333333 0.13802083333333334 0.07916666666666666
11 0.21744791666666666 0.17447916666666666 0.19010416666666666 0.08229166666666667
13 0.7825520833333334 0.4713541666666667 0.036458333333333336 0.017708333333333333
13 0.7493489583333334 0.42916666666666664 0.07942708333333333 0.022916666666666665
11 0.07161458333333333 0.5401041666666667 0.044270833333333336 0.121875
3 0.529296875 0.5052083333333334 0.4622395833333333 0.12291666666666666
3 0.541015625 0.5078125 0.4830729166666667 0.09270833333333334
0 0.4733072916666667 0.3145833333333333 0.17578125 0.13958333333333334
13 0.15169270833333334 0.5229166666666667 0.11328125 0.03958333333333333
0 0.4713541666666667 0.3072916666666667 0.18229166666666666 0.12291666666666666
13 0.75390625 0.42604166666666665 0.08333333333333333 0.020833333333333332
3 0.5240885416666666 0.5088541666666667 0.44140625 0.071875
13 0.17252604166666666 0.5171875 0.14713541666666666 0.040625
