11 0.6650390625 0.18505859375 0.06640625 0.0634765625
0 0.54248046875 0.25146484375 0.0908203125 0.0771484375
0 0.55615234375 0.26904296875 0.0771484375 0.0966796875
11 0.671875 0.1904296875 0.056640625 0.048828125
0 0.55029296875 0.25048828125 0.0712890625 0.0712890625
3 0.59033203125 0.47900390625 0.3505859375 0.1240234375
3 0.591796875 0.4833984375 0.357421875 0.1015625
3 0.58837890625 0.48876953125 0.3583984375 0.1220703125
11 0.314453125 0.18359375 0.05078125 0.05859375
11 0.3193359375 0.18359375 0.060546875 0.068359375
11 0.30859375 0.1962890625 0.046875 0.044921875
