13 0.34130859375 0.5205078125 0.1708984375 0.205078125
11 0.25830078125 0.65234375 0.0576171875 0.0390625
10 0.25830078125 0.65234375 0.0576171875 0.0390625
2 0.48779296875 0.271484375 0.0498046875 0.06640625
0 0.5869140625 0.26123046875 0.09375 0.0927734375
0 0.59130859375 0.275390625 0.0888671875 0.12109375
5 0.3740234375 0.427734375 0.1875 0.3515625
5 0.72216796875 0.4453125 0.1943359375 0.341796875
5 0.34130859375 0.5205078125 0.1708984375 0.205078125
9 0.34130859375 0.5205078125 0.1708984375 0.205078125
6 0.3740234375 0.427734375 0.1875 0.3515625
6 0.72216796875 0.4453125 0.1943359375 0.341796875
