6 0.21940104166666666 0.32916666666666666 0.2747395833333333 0.37083333333333335
7 0.19856770833333334 0.3723958333333333 0.22005208333333334 0.30520833333333336
10 0.19010416666666666 0.575 0.24739583333333334 0.12916666666666668
12 0.3294270833333333 0.16302083333333334 0.19791666666666666 0.109375
12 0.2942708333333333 0.16354166666666667 0.24479166666666666 0.11875
12 0.3079427083333333 0.2359375 0.22265625 0.28020833333333334
10 0.2552083333333333 0.5723958333333333 0.3125 0.10520833333333333
13 0.21940104166666666 0.32916666666666666 0.2747395833333333 0.37083333333333335
7 0.21940104166666666 0.32916666666666666 0.2747395833333333 0.37083333333333335
4 0.24088541666666666 0.39114583333333336 0.15364583333333334 0.13854166666666667
10 0.22591145833333334 0.5802083333333333 0.2799479166666667 0.12708333333333333
