9 0.228515625 0.5776041666666667 0.23046875 0.08229166666666667
0 0.5247395833333334 0.29635416666666664 0.11458333333333333 0.08854166666666667
9 0.7643229166666666 0.6770833333333334 0.15364583333333334 0.125
11 0.5859375 0.18072916666666666 0.06770833333333333 0.013541666666666667
11 0.3131510416666667 0.1828125 0.06640625 0.015625
7 0.228515625 0.5776041666666667 0.23046875 0.08229166666666667
0 0.5266927083333334 0.30625 0.12109375 0.10625
0 0.529296875 0.3104166666666667 0.11588541666666667 0.10833333333333334
7 0.7643229166666666 0.6770833333333334 0.15364583333333334 0.125
7 0.12760416666666666 0.515625 0.041666666666666664 0.03125
