3 0.5423177083333334 0.6052083333333333 0.4075520833333333 0.15
0 0.5240885416666666 0.3625 0.12369791666666667 0.09791666666666667
5 0.7018229166666666 0.44114583333333335 0.12760416666666666 0.184375
0 0.533203125 0.371875 0.11588541666666667 0.10833333333333334
13 0.3020833333333333 0.5307291666666667 0.17447916666666666 0.08229166666666667
5 0.23893229166666666 0.4375 0.13671875 0.2916666666666667
3 0.5305989583333334 0.5625 0.4309895833333333 0.15
9 0.7018229166666666 0.44114583333333335 0.12760416666666666 0.184375
7 0.3020833333333333 0.5307291666666667 0.17447916666666666 0.08229166666666667
3 0.5475260416666666 0.5932291666666667 0.4205729166666667 0.109375
9 0.23893229166666666 0.4375 0.13671875 0.2916666666666667
