11 0.7978102189781022 0.7523148148148148 0.0364963503649635 0.05787037037037037
0 0.48686131386861314 0.30671296296296297 0.12116788321167883 0.09027777777777778
10 0.7927007299270074 0.7378472222222222 0.049635036496350364 0.05439814814814815
10 0.1562043795620438 0.8252314814814815 0.06715328467153285 0.05092592592592592
11 0.1562043795620438 0.8252314814814815 0.06715328467153285 0.05092592592592592
10 0.7912408759124088 0.7430555555555556 0.058394160583941604 0.08796296296296297
0 0.49416058394160584 0.29224537037037035 0.10072992700729927 0.0798611111111111
0 0.49416058394160584 0.30671296296296297 0.10948905109489052 0.10416666666666667
11 0.7927007299270074 0.7378472222222222 0.049635036496350364 0.05439814814814815
11 0.22773722627737225 0.14756944444444445 0.10218978102189781 0.052083333333333336
9 0.38321167883211676 0.46585648148148145 0.12700729927007298 0.43171296296296297
11 0.7912408759124088 0.7430555555555556 0.058394160583941604 0.08796296296296297
3 0.5182481751824818 0.6834490740740741 0.3970802919708029 0.16319444444444445
11 0.15474452554744525 0.8258101851851852 0.043795620437956206 0.04513888888888889
11 0.6204379562043796 0.1417824074074074 0.10802919708029197 0.04513888888888889
9 0.4408759124087591 0.6458333333333334 0.1897810218978102 0.36342592592592593
3 0.5255474452554745 0.6614583333333334 0.42043795620437957 0.15393518518518517
