2 0.41259765625 0.1708984375 0.1064453125 0.068359375
11 0.41162109375 0.17626953125 0.1083984375 0.0771484375
3 0.57763671875 0.5205078125 0.3388671875 0.12890625
3 0.576171875 0.513671875 0.36328125 0.125
11 0.40771484375 0.10546875 0.0712890625 0.025390625
13 0.41259765625 0.1708984375 0.1064453125 0.068359375
8 0.41259765625 0.1708984375 0.1064453125 0.068359375
0 0.57275390625 0.24365234375 0.0791015625 0.0986328125
0 0.5615234375 0.24462890625 0.12109375 0.1103515625
3 0.576171875 0.53369140625 0.35546875 0.0986328125
2 0.416015625 0.17529296875 0.10546875 0.0810546875
2 0.41162109375 0.17626953125 0.1083984375 0.0771484375
