11 0.6224604966139955 0.23069590085795996 0.1072234762979684 0.055290753098188754
7 0.32844243792325056 0.22402287893231648 0.3047404063205418 0.11058150619637751
8 0.8047404063205418 0.3446139180171592 0.01805869074492099 0.025738798856053385
11 0.32844243792325056 0.22402287893231648 0.3047404063205418 0.11058150619637751
13 0.3335214446952596 0.728789323164919 0.08465011286681716 0.13822688274547187
8 0.29345372460496616 0.7616777883698761 0.14221218961625282 0.10867492850333652
13 0.2996613995485327 0.3908484270734032 0.29683972911963885 0.2840800762631077
11 0.33747178329571104 0.21258341277407056 0.2234762979683973 0.08579599618684461
13 0.8143340857787811 0.5147759771210677 0.16591422121896163 0.24976167778836988
8 0.8177200902934537 0.5376549094375596 0.14785553047404063 0.2001906577693041
11 0.3239277652370203 0.24451858913250715 0.291196388261851 0.10390848427073403
13 0.8177200902934537 0.5376549094375596 0.14785553047404063 0.2001906577693041
0 0.5677200902934537 0.3732125834127741 0.12415349887133183 0.111534795042898
8 0.7844243792325056 0.5328884652049571 0.2234762979683973 0.219256434699714
13 0.28442437923250563 0.3479504289799809 0.1963882618510158 0.14871306005719734
13 0.30869074492099324 0.3598665395614871 0.21331828442437922 0.2011439466158246
