0 0.5751953125 0.365234375 0.111328125 0.115234375
13 0.71728515625 0.2958984375 0.1259765625 0.166015625
11 0.6767578125 0.15673828125 0.078125 0.0224609375
11 0.36474609375 0.15966796875 0.1044921875 0.0322265625
7 0.71728515625 0.29736328125 0.0986328125 0.0732421875
0 0.58056640625 0.36962890625 0.0986328125 0.1357421875
8 0.71240234375 0.30517578125 0.0986328125 0.0888671875
0 0.5810546875 0.369140625 0.09765625 0.125
4 0.71728515625 0.2958984375 0.1259765625 0.166015625
4 0.71240234375 0.30517578125 0.0986328125 0.0888671875
