11 0.3729656419529837 0.29318181818181815 0.1057866184448463 0.08181818181818182
11 0.641500904159132 0.23068181818181818 0.1274864376130199 0.045454545454545456
8 0.42857142857142855 0.6011363636363637 0.0705244122965642 0.08863636363636364
10 0.3462929475587703 0.6761363636363636 0.298372513562387 0.19090909090909092
3 0.6148282097649186 0.7443181818181818 0.4014466546112116 0.2318181818181818
3 0.6193490054249547 0.790340909090909 0.3960216998191682 0.15113636363636362
0 0.5935804701627486 0.50625 0.10397830018083183 0.14659090909090908
4 0.32233273056057865 0.5147727272727273 0.0461121157323689 0.06818181818181818
10 0.3471971066907776 0.7125 0.2513562386980108 0.29545454545454547
11 0.6491862567811935 0.21761363636363637 0.08499095840867993 0.03295454545454545
11 0.40099457504520797 0.2875 0.17811934900542495 0.06818181818181818
10 0.3123869801084991 0.7085227272727272 0.19077757685352623 0.3465909090909091
9 0.32775768535262206 0.5198863636363636 0.0461121157323689 0.07613636363636364
7 0.3227848101265823 0.5193181818181818 0.045207956600361664 0.06136363636363636
7 0.32775768535262206 0.5198863636363636 0.0461121157323689 0.07613636363636364
11 0.36301989150090413 0.29602272727272727 0.13652802893309224 0.11477272727272728
