7 0.36962890625 0.291015625 0.2197265625 0.333984375
11 0.64306640625 0.16259765625 0.1298828125 0.0537109375
7 0.35107421875 0.30126953125 0.1591796875 0.2099609375
11 0.75634765625 0.71826171875 0.0458984375 0.0498046875
12 0.3994140625 0.15966796875 0.1171875 0.0986328125
10 0.36083984375 0.52880859375 0.2255859375 0.2763671875
13 0.35498046875 0.21875 0.1337890625 0.146484375
5 0.69189453125 0.44482421875 0.1630859375 0.5087890625
13 0.7060546875 0.33447265625 0.08984375 0.2001953125
4 0.36962890625 0.291015625 0.2197265625 0.333984375
9 0.369140625 0.3623046875 0.134765625 0.052734375
11 0.64794921875 0.1640625 0.1142578125 0.04296875
12 0.3994140625 0.16650390625 0.115234375 0.0849609375
7 0.38427734375 0.2646484375 0.2216796875 0.271484375
10 0.32568359375 0.546875 0.1962890625 0.17578125
11 0.27880859375 0.34375 0.0537109375 0.158203125
10 0.75634765625 0.71826171875 0.0458984375 0.0498046875
10 0.3701171875 0.421875 0.220703125 0.484375
12 0.369140625 0.3623046875 0.134765625 0.052734375
