7 0.3333333333333333 0.34739583333333335 0.15364583333333334 0.10104166666666667
7 0.4147135416666667 0.16302083333333334 0.16536458333333334 0.04895833333333333
10 0.3157552083333333 0.4828125 0.23828125 0.43854166666666666
0 0.6158854166666666 0.3416666666666667 0.15364583333333334 0.15625
3 0.642578125 0.6005208333333333 0.44921875 0.203125
7 0.4700520833333333 0.3489583333333333 0.0078125 0.010416666666666666
11 0.4075520833333333 0.18645833333333334 0.18489583333333334 0.04791666666666667
3 0.6328125 0.5963541666666666 0.453125 0.18020833333333333
10 0.2708333333333333 0.5140625 0.14322916666666666 0.32395833333333335
10 0.26953125 0.4817708333333333 0.1640625 0.3177083333333333
7 0.3704427083333333 0.40989583333333335 0.23046875 0.21354166666666666
0 0.6197916666666666 0.346875 0.15364583333333334 0.16041666666666668
0 0.619140625 0.33541666666666664 0.16796875 0.1375
