10 0.21028645833333334 0.46979166666666666 0.3190104166666667 0.2625
10 0.7838541666666666 0.4942708333333333 0.203125 0.159375
7 0.21028645833333334 0.46041666666666664 0.21223958333333334 0.1375
10 0.20182291666666666 0.5598958333333334 0.2994791666666667 0.28020833333333334
13 0.14908854166666666 0.384375 0.07161458333333333 0.020833333333333332
6 0.705078125 0.2734375 0.22265625 0.20729166666666668
6 0.244140625 0.2635416666666667 0.3372395833333333 0.3375
6 0.21028645833333334 0.46041666666666664 0.21223958333333334 0.1375
10 0.7877604166666666 0.4973958333333333 0.1875 0.18229166666666666
4 0.763671875 0.24947916666666667 0.11328125 0.09895833333333333
7 0.7591145833333334 0.26510416666666664 0.14583333333333334 0.15520833333333334
10 0.15364583333333334 0.49322916666666666 0.22395833333333334 0.22395833333333334
13 0.17252604166666666 0.32447916666666665 0.14453125 0.019791666666666666
7 0.24348958333333334 0.24635416666666668 0.34375 0.259375
6 0.2779947916666667 0.4322916666666667 0.24609375 0.2520833333333333
6 0.7591145833333334 0.26510416666666664 0.14583333333333334 0.15520833333333334
6 0.7063802083333334 0.33229166666666665 0.23307291666666666 0.3145833333333333
4 0.228515625 0.22552083333333334 0.2877604166666667 0.209375
10 0.779296875 0.5114583333333333 0.19140625 0.13125
4 0.24348958333333334 0.24635416666666668 0.34375 0.259375
