7 0.26948775055679286 0.5009643201542913 0.27616926503340755 0.42333654773384766
9 0.051224944320712694 0.680327868852459 0.0779510022271715 0.49083895853423337
9 0.18875278396436526 0.5144648023143684 0.23496659242761692 0.46383799421407906
9 0.20044543429844097 0.5670202507232401 0.35634743875278396 0.3085824493731919
9 0.6870824053452116 0.10221793635486982 0.10467706013363029 0.1909353905496625
7 0.3279510022271715 0.6157184185149469 0.14365256124721604 0.12825458052073288
9 0.05400890868596882 0.6200578592092575 0.07683741648106904 0.4879459980713597
9 0.05679287305122494 0.6518804243008679 0.07126948775055679 0.39151398264223725
0 0.5779510022271714 0.40405014464802314 0.12249443207126949 0.14271938283510124
0 0.576837416481069 0.3866923818707811 0.12694877505567928 0.12729026036644167
9 0.32461024498886415 0.10848601735776278 0.16815144766146994 0.1880424300867888
4 0.3190423162583519 0.6084860173577628 0.12138084632516703 0.11571841851494696
9 0.49443207126948774 0.10221793635486982 0.5233853006681515 0.18900675024108005
4 0.3279510022271715 0.6157184185149469 0.14365256124721604 0.12825458052073288
