10 0.2578502415458937 0.5568833652007649 0.35628019323671495 0.22466539196940727
7 0.7765700483091788 0.5152963671128107 0.2463768115942029 0.25812619502868067
13 0.7632850241545893 0.4541108986615679 0.21497584541062803 0.367112810707457
10 0.25966183574879226 0.44072657743785854 0.321256038647343 0.4933078393881453
7 0.7663043478260869 0.44263862332695986 0.29589371980676327 0.4780114722753346
4 0.24939613526570048 0.5391969407265774 0.3079710144927536 0.2390057361376673
7 0.26871980676328505 0.3231357552581262 0.28140096618357485 0.28680688336520077
13 0.26871980676328505 0.3231357552581262 0.28140096618357485 0.28680688336520077
7 0.7632850241545893 0.4541108986615679 0.21497584541062803 0.367112810707457
7 0.25664251207729466 0.3824091778202677 0.23067632850241546 0.27533460803059273
10 0.24939613526570048 0.5391969407265774 0.3079710144927536 0.2390057361376673
6 0.7663043478260869 0.44263862332695986 0.29589371980676327 0.4780114722753346
7 0.2892512077294686 0.33221797323135754 0.29106280193236717 0.28776290630975143
4 0.213768115942029 0.3561185468451243 0.13285024154589373 0.21319311663479923
6 0.7632850241545893 0.4541108986615679 0.21497584541062803 0.367112810707457
4 0.26871980676328505 0.3231357552581262 0.28140096618357485 0.28680688336520077
