10 0.15819209039548024 0.5934479054779807 0.11977401129943503 0.14715359828141783
13 0.3214689265536723 0.3313641245972073 0.20903954802259886 0.08485499462943072
10 0.12146892655367232 0.59828141783029 0.12542372881355932 0.19763694951664876
4 0.7011299435028249 0.359828141783029 0.20225988700564973 0.1439312567132116
10 0.7152542372881356 0.49194414607948445 0.34124293785310733 0.18689581095596133
10 0.751412429378531 0.47261009667024706 0.3073446327683616 0.2577873254564984
11 0.15819209039548024 0.5934479054779807 0.11977401129943503 0.14715359828141783
7 0.7338983050847457 0.38399570354457574 0.24067796610169492 0.11493018259935553
7 0.7163841807909604 0.332438238453276 0.2327683615819209 0.15574650912996776
9 0.5050847457627119 0.30021482277121375 0.08813559322033898 0.4522019334049409
10 0.7468926553672316 0.44844253490870034 0.2734463276836158 0.3469387755102041
