3 0.54638671875 0.51904296875 0.3115234375 0.1123046875
13 0.400390625 0.24609375 0.044921875 0.05859375
10 0.7421875 0.5478515625 0.029296875 0.04296875
3 0.54638671875 0.50634765625 0.3115234375 0.1064453125
11 0.7421875 0.5478515625 0.029296875 0.04296875
11 0.60693359375 0.0986328125 0.0439453125 0.01953125
11 0.39453125 0.12646484375 0.11328125 0.0322265625
0 0.5517578125 0.2578125 0.09765625 0.1015625
0 0.5546875 0.2587890625 0.08984375 0.099609375
10 0.7431640625 0.54150390625 0.03125 0.0341796875
11 0.7431640625 0.54150390625 0.03125 0.0341796875
3 0.544921875 0.5244140625 0.30859375 0.12890625
0 0.56298828125 0.2587890625 0.0693359375 0.087890625
