7 0.716796875 0.3234375 0.16015625 0.13854166666666667
7 0.3938802083333333 0.43072916666666666 0.12369791666666667 0.16770833333333332
6 0.716796875 0.3234375 0.16015625 0.13854166666666667
9 0.3938802083333333 0.43072916666666666 0.12369791666666667 0.16770833333333332
0 0.6139322916666666 0.353125 0.11848958333333333 0.1625
7 0.6731770833333334 0.4395833333333333 0.2864583333333333 0.475
8 0.3938802083333333 0.43072916666666666 0.12369791666666667 0.16770833333333332
10 0.6979166666666666 0.45260416666666664 0.2786458333333333 0.471875
10 0.7220052083333334 0.49375 0.28515625 0.5520833333333334
10 0.6731770833333334 0.4395833333333333 0.2864583333333333 0.475
7 0.705078125 0.3260416666666667 0.17057291666666666 0.16041666666666668
