11 0.6328125 0.1140625 0.11979166666666667 0.034375
8 0.15104166666666666 0.5942708333333333 0.013020833333333334 0.015625
8 0.150390625 0.5911458333333334 0.016927083333333332 0.015625
13 0.72265625 0.26979166666666665 0.1171875 0.058333333333333334
11 0.2903645833333333 0.13854166666666667 0.049479166666666664 0.041666666666666664
13 0.3483072916666667 0.22083333333333333 0.11588541666666667 0.13958333333333334
0 0.5657552083333334 0.2984375 0.11848958333333333 0.096875
13 0.3548177083333333 0.209375 0.16796875 0.18958333333333333
0 0.55859375 0.30104166666666665 0.12239583333333333 0.1125
7 0.6803385416666666 0.19947916666666668 0.16015625 0.096875
13 0.6907552083333334 0.25364583333333335 0.16015625 0.06354166666666666
13 0.3391927083333333 0.21875 0.14192708333333334 0.175
