13 0.6568767908309455 0.20368171021377673 0.12464183381088825 0.16033254156769597
13 0.7836676217765043 0.35332541567695963 0.1346704871060172 0.09144893111638955
11 0.08667621776504297 0.9026128266033254 0.04154727793696275 0.052256532066508314
7 0.23853868194842406 0.19655581947743467 0.03008595988538682 0.029691211401425176
10 0.08667621776504297 0.9026128266033254 0.04154727793696275 0.052256532066508314
13 0.664756446991404 0.20783847980997625 0.12320916905444126 0.12589073634204276
9 0.8058739255014327 0.35570071258907365 0.09025787965616046 0.09619952494061758
8 0.7836676217765043 0.35332541567695963 0.1346704871060172 0.09144893111638955
11 0.35816618911174786 0.1342042755344418 0.05157593123209169 0.021377672209026127
11 0.8717765042979942 0.917458432304038 0.06160458452722063 0.055819477434679333
10 0.8717765042979942 0.917458432304038 0.06160458452722063 0.055819477434679333
8 0.7922636103151862 0.24168646080760095 0.014326647564469915 0.010688836104513063
13 0.8058739255014327 0.35570071258907365 0.09025787965616046 0.09619952494061758
