11 0.694818652849741 0.09689922480620156 0.11088082901554404 0.07945736434108527
13 0.6300518134715026 0.125 0.07046632124352331 0.07751937984496124
13 0.644559585492228 0.14970930232558138 0.04766839378238342 0.08817829457364341
11 0.29740932642487045 0.07751937984496124 0.14507772020725387 0.044573643410852716
13 0.1689119170984456 0.3444767441860465 0.1077720207253886 0.03972868217054264
11 0.6979274611398963 0.10707364341085271 0.13575129533678756 0.08817829457364341
11 0.6901554404145078 0.09593023255813954 0.09533678756476684 0.06589147286821706
8 0.8134715025906736 0.374031007751938 0.022797927461139896 0.02131782945736434
11 0.3082901554404145 0.07994186046511628 0.15233160621761657 0.04941860465116279
11 0.3062176165803109 0.07994186046511628 0.13575129533678756 0.035852713178294575
8 0.7533678756476684 0.24031007751937986 0.022797927461139896 0.02131782945736434
