10 0.14551083591331268 0.8843663274745606 0.05159958720330237 0.04440333024976873
5 0.782249742002064 0.6364477335800185 0.1651186790505676 0.4976873265494912
11 0.3281733746130031 0.14477335800185015 0.09700722394220847 0.05087881591119334
11 0.14551083591331268 0.8843663274745606 0.05159958720330237 0.04440333024976873
10 0.15892672858617132 0.8871415356151712 0.043343653250773995 0.05365402405180388
10 0.8570691434468525 0.9148936170212766 0.02786377708978328 0.04625346901017576
9 0.7683178534571723 0.6891766882516188 0.1826625386996904 0.3404255319148936
11 0.15892672858617132 0.8871415356151712 0.043343653250773995 0.05365402405180388
5 0.22136222910216719 0.5999074930619797 0.16202270381836945 0.4616096207215541
11 0.8570691434468525 0.9148936170212766 0.02786377708978328 0.04625346901017576
5 0.2672858617131063 0.6322849213691026 0.19607843137254902 0.3154486586493987
9 0.2672858617131063 0.6322849213691026 0.19607843137254902 0.3154486586493987
11 0.15015479876160992 0.8848288621646624 0.048503611971104234 0.060129509713228495
10 0.15015479876160992 0.8848288621646624 0.048503611971104234 0.060129509713228495
5 0.7683178534571723 0.6891766882516188 0.1826625386996904 0.3404255319148936
