0 0.546875 0.3098958333333333 0.109375 0.11979166666666667
3 0.5533854166666666 0.5713541666666667 0.3984375 0.08854166666666667
13 0.20247395833333334 0.43333333333333335 0.06640625 0.01875
13 0.18489583333333334 0.4270833333333333 0.078125 0.01875
13 0.7076822916666666 0.29270833333333335 0.06901041666666667 0.025
11 0.5690104166666666 0.17864583333333334 0.07291666666666667 0.030208333333333334
13 0.21875 0.5526041666666667 0.07552083333333333 0.059375
3 0.5423177083333334 0.5614583333333333 0.41796875 0.0875
0 0.541015625 0.3020833333333333 0.12109375 0.10416666666666667
11 0.373046875 0.17135416666666667 0.05859375 0.009375
0 0.4798177083333333 0.36041666666666666 0.24348958333333334 0.21666666666666667
