8 0.16701680672268907 0.43704044117647056 0.16806722689075632 0.18290441176470587
8 0.8434873949579832 0.7624080882352942 0.17436974789915966 0.1332720588235294
8 0.36186974789915966 0.3350183823529412 0.13760504201680673 0.15900735294117646
10 0.164390756302521 0.6934742647058824 0.1880252100840336 0.21783088235294118
0 0.5577731092436975 0.2899816176470588 0.07773109243697479 0.07261029411764706
8 0.8776260504201681 0.6443014705882353 0.0934873949579832 0.06433823529411764
7 0.33613445378151263 0.30514705882352944 0.20798319327731093 0.22242647058823528
8 0.33613445378151263 0.30514705882352944 0.20798319327731093 0.22242647058823528
11 0.8949579831932774 0.8373161764705882 0.037815126050420166 0.06433823529411764
8 0.17436974789915966 0.4365808823529412 0.1722689075630252 0.23529411764705882
7 0.6964285714285714 0.5831801470588235 0.058823529411764705 0.07628676470588236
8 0.2956932773109244 0.5137867647058824 0.05777310924369748 0.051470588235294115
8 0.2347689075630252 0.5620404411764706 0.08718487394957983 0.03952205882352941
7 0.210609243697479 0.6383272058823529 0.11239495798319328 0.07077205882352941
7 0.8792016806722689 0.6410845588235294 0.07773109243697479 0.05974264705882353
7 0.7421218487394958 0.6737132352941176 0.17331932773109243 0.09558823529411764
7 0.8445378151260504 0.7573529411764706 0.16596638655462184 0.0900735294117647
8 0.6964285714285714 0.5831801470588235 0.058823529411764705 0.07628676470588236
8 0.881827731092437 0.6424632352941176 0.08508403361344538 0.07169117647058823
8 0.8650210084033614 0.7532169117647058 0.10189075630252101 0.09834558823529412
7 0.7767857142857143 0.6870404411764706 0.11239495798319328 0.0744485294117647
10 0.17016806722689076 0.7146139705882353 0.20378151260504201 0.14981617647058823
7 0.16649159663865545 0.4563419117647059 0.14180672268907563 0.19025735294117646
10 0.17279411764705882 0.7329963235294118 0.19222689075630253 0.19944852941176472
8 0.23319327731092437 0.5569852941176471 0.07563025210084033 0.058823529411764705
8 0.7767857142857143 0.6870404411764706 0.11239495798319328 0.0744485294117647
8 0.8792016806722689 0.6410845588235294 0.07773109243697479 0.05974264705882353
8 0.3550420168067227 0.7205882352941176 0.10504201680672269 0.0900735294117647
7 0.20115546218487396 0.6323529411764706 0.16281512605042017 0.09558823529411764
7 0.2347689075630252 0.5620404411764706 0.08718487394957983 0.03952205882352941
8 0.2347689075630252 0.5579044117647058 0.0934873949579832 0.06985294117647059
10 0.8949579831932774 0.8373161764705882 0.037815126050420166 0.06433823529411764
8 0.16071428571428573 0.47058823529411764 0.037815126050420166 0.03308823529411765
8 0.20850840336134455 0.6429227941176471 0.1207983193277311 0.09834558823529412
7 0.22846638655462184 0.6700367647058824 0.22163865546218486 0.1488970588235294
7 0.36186974789915966 0.3350183823529412 0.13760504201680673 0.15900735294117646
8 0.20115546218487396 0.6323529411764706 0.16281512605042017 0.09558823529411764
7 0.16701680672268907 0.43704044117647056 0.16806722689075632 0.18290441176470587
8 0.16649159663865545 0.4563419117647059 0.14180672268907563 0.19025735294117646
8 0.210609243697479 0.6383272058823529 0.11239495798319328 0.07077205882352941
7 0.8434873949579832 0.7624080882352942 0.17436974789915966 0.1332720588235294
7 0.2347689075630252 0.5579044117647058 0.0934873949579832 0.06985294117647059
8 0.3329831932773109 0.30652573529411764 0.19747899159663865 0.22886029411764705
8 0.7352941176470589 0.6681985294117647 0.09033613445378151 0.08639705882352941
8 0.7930672268907563 0.6907169117647058 0.08823529411764706 0.0744485294117647
8 0.7421218487394958 0.6737132352941176 0.17331932773109243 0.09558823529411764
