11 0.20458984375 0.69189453125 0.0263671875 0.0498046875
10 0.20458984375 0.69189453125 0.0263671875 0.0498046875
3 0.54638671875 0.6015625 0.3154296875 0.103515625
0 0.55078125 0.341796875 0.095703125 0.1171875
0 0.53759765625 0.322265625 0.1005859375 0.08984375
3 0.546875 0.59619140625 0.310546875 0.1103515625
7 0.2265625 0.677734375 0.056640625 0.068359375
11 0.38525390625 0.189453125 0.0634765625 0.017578125
0 0.54150390625 0.33740234375 0.0986328125 0.1103515625
11 0.60009765625 0.19580078125 0.0888671875 0.0263671875
