7 0.7617521367521367 0.4164164164164164 0.16452991452991453 0.35035035035035034
7 0.7708333333333334 0.4184184184184184 0.18269230769230768 0.3763763763763764
0 0.5817307692307693 0.3123123123123123 0.12927350427350429 0.15815815815815815
0 0.5785256410256411 0.3148148148148148 0.15491452991452992 0.16316316316316315
3 0.5422008547008547 0.5420420420420421 0.43696581196581197 0.14514514514514515
3 0.5373931623931624 0.5565565565565566 0.42948717948717946 0.14214214214214213
7 0.23717948717948717 0.4044044044044044 0.15598290598290598 0.2802802802802803
7 0.21848290598290598 0.3783783783783784 0.18269230769230768 0.35835835835835833
3 0.5347222222222222 0.5420420420420421 0.4305555555555556 0.12512512512512514
0 0.5726495726495726 0.28128128128128127 0.09188034188034189 0.08808808808808809
