13 0.7355769230769231 0.19259723964868256 0.08974358974358974 0.08155583437892096
13 0.7724358974358975 0.20451693851944794 0.15384615384615385 0.07779171894604768
0 0.6474358974358975 0.27540777917189463 0.1346153846153846 0.13174404015056462
0 0.6338141025641025 0.2810539523212045 0.13942307692307693 0.10790464240903387
0 0.6386217948717948 0.27540777917189463 0.1201923076923077 0.12170639899623588
3 0.6426282051282052 0.6154328732747805 0.4583333333333333 0.10664993726474278
3 0.6450320512820513 0.6141781681304893 0.4599358974358974 0.15683814303638646
2 0.7331730769230769 0.198870765370138 0.11378205128205128 0.07653701380175659
3 0.6474358974358975 0.5878293601003765 0.4423076923076923 0.15432873274780426
2 0.7724358974358975 0.20451693851944794 0.15384615384615385 0.07779171894604768
2 0.7355769230769231 0.19259723964868256 0.08974358974358974 0.08155583437892096
