13 0.7468354430379747 0.46742957746478875 0.1518987341772152 0.15845070422535212
2 0.3227848101265823 0.27508802816901406 0.20614828209764918 0.18397887323943662
11 0.27622061482820975 0.22139084507042253 0.14737793851717904 0.12940140845070422
2 0.34177215189873417 0.6967429577464789 0.11211573236889692 0.09595070422535211
11 0.33047016274864377 0.24339788732394366 0.22875226039783003 0.12588028169014084
13 0.33137432188065097 0.28389084507042256 0.20162748643761302 0.11179577464788733
13 0.31329113924050633 0.2522007042253521 0.19981916817359854 0.15757042253521128
2 0.7495479204339964 0.4586267605633803 0.13743218806509946 0.1742957746478873
13 0.7350813743218807 0.47183098591549294 0.17721518987341772 0.14964788732394366
13 0.33047016274864377 0.6800176056338029 0.13110307414104883 0.1505281690140845
8 0.7468354430379747 0.46742957746478875 0.1518987341772152 0.15845070422535212
13 0.3227848101265823 0.27508802816901406 0.20614828209764918 0.18397887323943662
