2 0.2923177083333333 0.2796875 0.20963541666666666 0.14895833333333333
4 0.7584635416666666 0.5651041666666666 0.2669270833333333 0.209375
4 0.7532552083333334 0.5671875 0.2591145833333333 0.221875
4 0.11393229166666667 0.5203125 0.045572916666666664 0.04895833333333333
2 0.2740885416666667 0.2604166666666667 0.23307291666666666 0.15416666666666667
8 0.7708333333333334 0.5604166666666667 0.23177083333333334 0.20416666666666666
13 0.2740885416666667 0.2604166666666667 0.23307291666666666 0.15416666666666667
13 0.2721354166666667 0.26927083333333335 0.18229166666666666 0.16770833333333332
13 0.2923177083333333 0.2796875 0.20963541666666666 0.14895833333333333
8 0.3782552083333333 0.4088541666666667 0.11067708333333333 0.10729166666666666
0 0.5631510416666666 0.3380208333333333 0.13411458333333334 0.128125
9 0.3717447916666667 0.4041666666666667 0.06640625 0.10833333333333334
0 0.5735677083333334 0.3307291666666667 0.12630208333333334 0.109375
0 0.5865885416666666 0.34270833333333334 0.12109375 0.14166666666666666
12 0.7102864583333334 0.19739583333333333 0.19921875 0.07604166666666666
4 0.7708333333333334 0.5604166666666667 0.23177083333333334 0.20416666666666666
