10 0.1115071283095723 0.7521206409048068 0.04175152749490835 0.09802073515551367
6 0.27189409368635437 0.6423185673892554 0.1384928716904277 0.10084825636192271
11 0.3772912423625255 0.20735155513666353 0.07637474541751528 0.024505183788878417
6 0.2739307535641548 0.6220546654099905 0.23828920570264767 0.14326107445805844
11 0.1115071283095723 0.7521206409048068 0.04175152749490835 0.09802073515551367
3 0.5885947046843177 0.6588124410933082 0.4134419551934827 0.0942507068803016
0 0.5697556008146639 0.38972667295004715 0.12118126272912423 0.10838831291234684
11 0.6267820773930753 0.20782280867106503 0.07841140529531568 0.027332704995287466
0 0.5870672097759674 0.37888784165881245 0.07841140529531568 0.07728557964184732
3 0.5992871690427699 0.6573986804901036 0.42668024439918534 0.09142318567389256
3 0.5982688391038696 0.6715362865221489 0.4409368635437882 0.12158341187558906
7 0.6267820773930753 0.20782280867106503 0.07841140529531568 0.027332704995287466
