10 0.08893871449925261 0.7449622166246851 0.07324364723467862 0.08942065491183879
7 0.3423019431988042 0.37468513853904284 0.23318385650224216 0.3261964735516373
11 0.08893871449925261 0.7449622166246851 0.07324364723467862 0.08942065491183879
12 0.2922272047832586 0.3494962216624685 0.3602391629297459 0.41435768261964734
10 0.08594917787742899 0.7588161209068011 0.06427503736920777 0.09445843828715365
7 0.3415545590433483 0.369647355163728 0.22869955156950672 0.3035264483627204
4 0.3423019431988042 0.37468513853904284 0.23318385650224216 0.3261964735516373
7 0.3295964125560538 0.3734256926952141 0.2615844544095665 0.353904282115869
12 0.30269058295964124 0.3224181360201511 0.351270553064275 0.3022670025188917
10 0.10239162929745889 0.7399244332493703 0.08221225710014948 0.06675062972292191
1 0.3423019431988042 0.37468513853904284 0.23318385650224216 0.3261964735516373
