9 0.6873522458628841 0.23681640625 0.02009456264775414 0.0185546875
11 0.6513002364066194 0.19091796875 0.11583924349881797 0.0205078125
11 0.22695035460992907 0.24755859375 0.08037825059101655 0.0654296875
11 0.12529550827423167 0.75048828125 0.05673758865248227 0.0673828125
13 0.7411347517730497 0.26318359375 0.04964539007092199 0.0556640625
10 0.12529550827423167 0.75048828125 0.05673758865248227 0.0673828125
0 0.5596926713947991 0.3515625 0.11702127659574468 0.115234375
2 0.2635933806146572 0.28662109375 0.11347517730496454 0.0966796875
10 0.12174940898345153 0.7421875 0.07092198581560284 0.052734375
13 0.2635933806146572 0.28662109375 0.11347517730496454 0.0966796875
11 0.35638297872340424 0.1884765625 0.12174940898345153 0.01953125
11 0.11938534278959811 0.74462890625 0.04491725768321513 0.0888671875
0 0.5537825059101655 0.349609375 0.12411347517730496 0.115234375
8 0.6855791962174941 0.2373046875 0.02127659574468085 0.017578125
13 0.3008274231678487 0.2626953125 0.21394799054373523 0.146484375
13 0.6873522458628841 0.23681640625 0.02009456264775414 0.0185546875
11 0.12174940898345153 0.7421875 0.07092198581560284 0.052734375
10 0.11938534278959811 0.74462890625 0.04491725768321513 0.0888671875
8 0.30791962174940896 0.3271484375 0.022458628841607566 0.017578125
11 0.374113475177305 0.18310546875 0.16666666666666666 0.0302734375
2 0.6832151300236406 0.236328125 0.016548463356973995 0.015625
