6 0.31193490054249545 0.394300518134715 0.18264014466546113 0.32849740932642485
10 0.7246835443037974 0.6378238341968911 0.3227848101265823 0.3015544041450777
10 0.325497287522604 0.4647668393782383 0.28390596745027125 0.6538860103626943
11 0.3395117540687161 0.2823834196891192 0.283001808318264 0.3015544041450777
11 0.33499095840867993 0.29481865284974096 0.2938517179023508 0.28082901554404144
10 0.21880650994575046 0.6601036269430052 0.14466546112115733 0.24455958549222798
10 0.2974683544303797 0.6212435233160621 0.25316455696202533 0.35751295336787564
10 0.72875226039783 0.5005181347150259 0.298372513562387 0.48290155440414506
7 0.33001808318264014 0.6585492227979275 0.12839059674502712 0.2559585492227979
7 0.3227848101265823 0.4813471502590674 0.19891500904159132 0.5357512953367876
10 0.7328209764918626 0.5518134715025906 0.2757685352622061 0.5191709844559586
6 0.31735985533453887 0.39481865284974094 0.2007233273056058 0.35233160621761656
7 0.2965641952983725 0.6341968911917099 0.21880650994575046 0.3005181347150259
7 0.3395117540687161 0.2823834196891192 0.283001808318264 0.3015544041450777
