3 0.5535714285714286 0.642578125 0.3971861471861472 0.1484375
0 0.5357142857142857 0.33544921875 0.14285714285714285 0.0986328125
3 0.5508658008658008 0.64013671875 0.37662337662337664 0.1513671875
9 0.5362554112554112 0.32763671875 0.12229437229437229 0.1064453125
7 0.25162337662337664 0.462890625 0.2305194805194805 0.43359375
0 0.5595238095238095 0.34130859375 0.12121212121212122 0.1337890625
6 0.27326839826839827 0.44580078125 0.26515151515151514 0.4638671875
3 0.5541125541125541 0.615234375 0.38095238095238093 0.177734375
10 0.1396103896103896 0.7197265625 0.06277056277056277 0.0703125
11 0.1396103896103896 0.7197265625 0.06277056277056277 0.0703125
