13 0.2971014492753623 0.2736842105263158 0.24396135265700483 0.2505263157894737
2 0.6956521739130435 0.20157894736842105 0.12318840579710146 0.10421052631578948
13 0.8073671497584541 0.33789473684210525 0.08091787439613526 0.07368421052631578
13 0.6926328502415459 0.24157894736842106 0.14130434782608695 0.20526315789473684
13 0.30495169082125606 0.18263157894736842 0.10748792270531402 0.05368421052631579
13 0.3001207729468599 0.26421052631578945 0.29106280193236717 0.2463157894736842
13 0.6745169082125604 0.16263157894736843 0.05434782608695652 0.05789473684210526
11 0.7705314009661836 0.7684210526315789 0.026570048309178744 0.02736842105263158
11 0.2892512077294686 0.15052631578947367 0.12439613526570048 0.08210526315789474
13 0.6956521739130435 0.20157894736842105 0.12318840579710146 0.10421052631578948
13 0.2361111111111111 0.3405263157894737 0.11714975845410629 0.10631578947368421
11 0.2856280193236715 0.1436842105263158 0.10507246376811594 0.06631578947368422
11 0.30917874396135264 0.7115789473684211 0.043478260869565216 0.023157894736842106
