6 0.298828125 0.32864583333333336 0.17578125 0.11354166666666667
7 0.298828125 0.32864583333333336 0.17578125 0.11354166666666667
7 0.6673177083333334 0.2953125 0.15234375 0.11979166666666667
6 0.6647135416666666 0.3359375 0.13151041666666666 0.14479166666666668
6 0.3157552083333333 0.3260416666666667 0.16015625 0.16458333333333333
13 0.3111979166666667 0.32708333333333334 0.1953125 0.16458333333333333
13 0.3157552083333333 0.3260416666666667 0.16015625 0.16458333333333333
13 0.6647135416666666 0.3359375 0.13151041666666666 0.14479166666666668
13 0.6686197916666666 0.33697916666666666 0.21223958333333334 0.209375
13 0.24479166666666666 0.31302083333333336 0.044270833333333336 0.036458333333333336
