13 0.3007299270072993 0.3992753623188406 0.09635036496350365 0.08550724637681159
0 0.57007299270073 0.3572463768115942 0.13576642335766423 0.18695652173913044
3 0.6124087591240875 0.6333333333333333 0.5153284671532846 0.17391304347826086
10 0.25985401459854013 0.6057971014492753 0.35912408759124087 0.3333333333333333
10 0.24671532846715327 0.5623188405797102 0.35036496350364965 0.24347826086956523
13 0.3051094890510949 0.3884057971014493 0.12846715328467154 0.09565217391304348
13 0.27664233576642333 0.4028985507246377 0.11532846715328467 0.0927536231884058
0 0.5693430656934306 0.3521739130434783 0.1343065693430657 0.15942028985507245
0 0.5678832116788322 0.32971014492753625 0.12262773722627737 0.14057971014492754
10 0.25547445255474455 0.5304347826086957 0.36496350364963503 0.6927536231884058
