2 0.1466565349544073 0.4462934947049924 0.028875379939209727 0.02118003025718608
8 0.2735562310030395 0.397125567322239 0.057750759878419454 0.04387291981845688
9 0.8928571428571429 0.29425113464447805 0.11094224924012158 0.22239031770045387
9 0.14437689969604864 0.3903177004538578 0.08814589665653495 0.14826021180030258
2 0.16793313069908813 0.3464447806354009 0.05015197568389058 0.07564296520423601
9 0.8905775075987842 0.3184568835098336 0.11550151975683891 0.17095310136157338
3 0.6071428571428571 0.6195158850226928 0.4452887537993921 0.11649016641452345
8 0.2773556231003039 0.3978819969742814 0.05623100303951368 0.0453857791225416
9 0.1519756838905775 0.37972768532526474 0.09422492401215805 0.1573373676248109
3 0.6094224924012158 0.5930408472012103 0.46200607902735563 0.08472012102874432
0 0.5638297872340425 0.3237518910741301 0.11854103343465046 0.0907715582450832
11 0.7849544072948328 0.23827534039334342 0.031914893617021274 0.046898638426626324
8 0.27811550151975684 0.397125567322239 0.04559270516717325 0.04387291981845688
0 0.5683890577507599 0.3184568835098336 0.11246200607902736 0.09833585476550681
3 0.6086626139817629 0.5612708018154312 0.4331306990881459 0.15431164901664146
2 0.8898176291793313 0.3063540090771558 0.10182370820668693 0.18910741301059
0 0.5759878419452887 0.3411497730711044 0.13069908814589665 0.12859304084720122
