3 0.6153039832285115 0.603030303030303 0.4570230607966457 0.16161616161616163
13 0.8422431865828093 0.35808080808080806 0.057651991614255764 0.021212121212121213
0 0.5943396226415094 0.29494949494949496 0.09433962264150944 0.10909090909090909
9 0.3752620545073375 0.4722222222222222 0.11320754716981132 0.19696969696969696
0 0.5943396226415094 0.30404040404040406 0.1069182389937107 0.12121212121212122
0 0.5927672955974843 0.2898989898989899 0.09538784067085954 0.09696969696969697
3 0.6278825995807128 0.5641414141414142 0.44654088050314467 0.1303030303030303
13 0.820230607966457 0.3601010101010101 0.09748427672955975 0.03737373737373737
7 0.3752620545073375 0.4722222222222222 0.11320754716981132 0.19696969696969696
3 0.6236897274633124 0.5944444444444444 0.44863731656184486 0.12828282828282828
