13 0.2085137085137085 0.609167671893848 0.18614718614718614 0.04342581423401689
3 0.5461760461760462 0.7177322074788902 0.5180375180375181 0.16646562123039807
3 0.5505050505050505 0.6996381182147166 0.5036075036075036 0.17370325693606756
13 0.27056277056277056 0.6242460796139928 0.3246753246753247 0.08805790108564536
8 0.455988455988456 0.25512665862484923 0.08080808080808081 0.08082026537997587
8 0.4523809523809524 0.2503015681544029 0.08513708513708514 0.09047044632086852
3 0.5396825396825397 0.7207478890229192 0.4963924963924964 0.15078407720144751
7 0.27056277056277056 0.6242460796139928 0.3246753246753247 0.08805790108564536
9 0.4704184704184704 0.2569360675512666 0.11255411255411256 0.09650180940892641
7 0.21356421356421357 0.6164053075995175 0.21645021645021645 0.08685162846803378
13 0.8744588744588745 0.7623642943305187 0.05483405483405483 0.04342581423401689
