7 0.2858072916666667 0.2942708333333333 0.22265625 0.19479166666666667
11 0.17513020833333334 0.234375 0.11848958333333333 0.16458333333333333
8 0.2571614583333333 0.31614583333333335 0.09765625 0.07604166666666666
10 0.22200520833333334 0.46822916666666664 0.3450520833333333 0.24895833333333334
11 0.61328125 0.14791666666666667 0.19791666666666666 0.04375
8 0.2662760416666667 0.31302083333333336 0.08984375 0.078125
11 0.201171875 0.24322916666666666 0.22526041666666666 0.19479166666666667
10 0.21549479166666666 0.5015625 0.34765625 0.31145833333333334
8 0.2955729166666667 0.3046875 0.15364583333333334 0.11979166666666667
10 0.232421875 0.390625 0.4127604166666667 0.5041666666666667
7 0.2708333333333333 0.2890625 0.2578125 0.21145833333333333
