0 0.5638020833333334 0.3260416666666667 0.06770833333333333 0.058333333333333334
13 0.8203125 0.6395833333333333 0.052083333333333336 0.022916666666666665
13 0.138671875 0.4744791666666667 0.07421875 0.009375
13 0.24869791666666666 0.5708333333333333 0.16927083333333334 0.11041666666666666
9 0.384765625 0.3671875 0.07421875 0.30104166666666665
9 0.12760416666666666 0.45364583333333336 0.109375 0.04895833333333333
11 0.06510416666666667 0.7223958333333333 0.057291666666666664 0.078125
7 0.23307291666666666 0.5677083333333334 0.18489583333333334 0.12291666666666666
13 0.23307291666666666 0.5677083333333334 0.18489583333333334 0.12291666666666666
10 0.06510416666666667 0.7223958333333333 0.057291666666666664 0.078125
11 0.8665364583333334 0.7135416666666666 0.06380208333333333 0.09166666666666666
9 0.1953125 0.29739583333333336 0.16666666666666666 0.16354166666666667
11 0.056640625 0.7213541666666666 0.045572916666666664 0.04479166666666667
10 0.8665364583333334 0.7135416666666666 0.06380208333333333 0.09166666666666666
13 0.138671875 0.4479166666666667 0.055989583333333336 0.0125
11 0.061197916666666664 0.7239583333333334 0.028645833333333332 0.03333333333333333
10 0.061197916666666664 0.7239583333333334 0.028645833333333332 0.03333333333333333
0 0.537109375 0.3385416666666667 0.11067708333333333 0.09166666666666666
10 0.056640625 0.7213541666666666 0.045572916666666664 0.04479166666666667
13 0.24479166666666666 0.5760416666666667 0.21354166666666666 0.12083333333333333
