7 0.3859338061465721 0.4560546875 0.10520094562647754 0.205078125
11 0.1276595744680851 0.76220703125 0.04018912529550828 0.0498046875
8 0.291371158392435 0.296875 0.0933806146572104 0.0859375
6 0.2872340425531915 0.296875 0.1016548463356974 0.0859375
11 0.8445626477541371 0.82421875 0.04609929078014184 0.05078125
10 0.1276595744680851 0.7470703125 0.054373522458628844 0.044921875
7 0.2872340425531915 0.296875 0.1016548463356974 0.0859375
7 0.24349881796690306 0.5986328125 0.026004728132387706 0.03515625
11 0.1276595744680851 0.7470703125 0.054373522458628844 0.044921875
11 0.8516548463356974 0.8310546875 0.02955082742316785 0.03125
10 0.8445626477541371 0.82421875 0.04609929078014184 0.05078125
9 0.3859338061465721 0.4560546875 0.10520094562647754 0.205078125
8 0.2872340425531915 0.29541015625 0.10401891252955082 0.0830078125
