11 0.367379679144385 0.1240234375 0.12085561497326203 0.033203125
13 0.27754010695187165 0.34033203125 0.06310160427807486 0.0439453125
11 0.7898395721925133 0.83935546875 0.026737967914438502 0.0634765625
11 0.18716577540106952 0.7900390625 0.040641711229946524 0.083984375
11 0.19358288770053475 0.79248046875 0.057754010695187166 0.0810546875
5 0.6631016042780749 0.33544921875 0.20748663101604278 0.4072265625
6 0.6796791443850267 0.287109375 0.18074866310160428 0.32421875
10 0.19358288770053475 0.79248046875 0.057754010695187166 0.0810546875
10 0.7898395721925133 0.83935546875 0.026737967914438502 0.0634765625
5 0.6588235294117647 0.32080078125 0.1925133689839572 0.4384765625
13 0.6796791443850267 0.287109375 0.18074866310160428 0.32421875
13 0.32994652406417113 0.376953125 0.21283422459893048 0.1015625
11 0.367379679144385 0.12841796875 0.12085561497326203 0.0302734375
10 0.18716577540106952 0.7900390625 0.040641711229946524 0.083984375
11 0.6106951871657754 0.1259765625 0.057754010695187166 0.025390625
