8 0.4134751773049645 0.22440944881889763 0.02695035460992908 0.010123734533183352
3 0.6758865248226951 0.6428571428571429 0.5092198581560283 0.19010123734533182
0 0.6574468085106383 0.3728908886389201 0.14893617021276595 0.12485939257592801
2 0.4156028368794326 0.2215973003374578 0.028368794326241134 0.013498312710911136
3 0.674468085106383 0.65748031496063 0.5205673758865248 0.156355455568054
3 0.6617021276595745 0.655793025871766 0.5234042553191489 0.1529808773903262
0 0.6517730496453901 0.36164229471316084 0.1574468085106383 0.09561304836895389
9 0.4134751773049645 0.2204724409448819 0.02695035460992908 0.013498312710911136
7 0.4134751773049645 0.2204724409448819 0.02695035460992908 0.013498312710911136
0 0.650354609929078 0.3880764904386952 0.1574468085106383 0.14623172103487064
