0 0.6081560283687943 0.2158203125 0.10756501182033097 0.1171875
13 0.2848699763593381 0.53125 0.10874704491725769 0.052734375
0 0.5981087470449172 0.2158203125 0.12056737588652482 0.11328125
5 0.7358156028368794 0.36572265625 0.24940898345153664 0.4892578125
9 0.4799054373522459 0.36669921875 0.13002364066193853 0.2978515625
6 0.7358156028368794 0.36572265625 0.24940898345153664 0.4892578125
11 0.6684397163120568 0.08642578125 0.1595744680851064 0.0380859375
10 0.8398345153664303 0.61865234375 0.0508274231678487 0.0478515625
6 0.2872340425531915 0.390625 0.33569739952718675 0.501953125
10 0.8581560283687943 0.61572265625 0.026004728132387706 0.0712890625
6 0.723404255319149 0.34423828125 0.2978723404255319 0.5517578125
13 0.716903073286052 0.30810546875 0.26595744680851063 0.3876953125
11 0.6861702127659575 0.0927734375 0.16193853427895982 0.037109375
5 0.26595744680851063 0.41455078125 0.3144208037825059 0.4169921875
3 0.6028368794326241 0.53076171875 0.39952718676122934 0.1337890625
0 0.5945626477541371 0.2265625 0.1347517730496454 0.146484375
10 0.15130023640661938 0.63916015625 0.05200945626477541 0.0908203125
13 0.26595744680851063 0.41455078125 0.3144208037825059 0.4169921875
3 0.6069739952718676 0.560546875 0.41725768321513 0.12109375
6 0.26595744680851063 0.41455078125 0.3144208037825059 0.4169921875
11 0.8398345153664303 0.61865234375 0.0508274231678487 0.0478515625
6 0.716903073286052 0.30810546875 0.26595744680851063 0.3876953125
9 0.5118203309692672 0.3720703125 0.17494089834515367 0.5625
5 0.2872340425531915 0.390625 0.33569739952718675 0.501953125
11 0.6696217494089834 0.087890625 0.1595744680851064 0.0390625
6 0.2978723404255319 0.3798828125 0.3262411347517731 0.478515625
11 0.8581560283687943 0.61572265625 0.026004728132387706 0.0712890625
7 0.29491725768321514 0.23291015625 0.10756501182033097 0.1416015625
11 0.15130023640661938 0.63916015625 0.05200945626477541 0.0908203125
13 0.27245862884160754 0.33447265625 0.2186761229314421 0.1826171875
