3 0.5909631391200951 0.7254196642685852 0.41379310344827586 0.1630695443645084
8 0.2122473246135553 0.7278177458033573 0.03210463733650416 0.03836930455635491
13 0.7740784780023782 0.2422062350119904 0.052318668252080855 0.05515587529976019
8 0.7520808561236623 0.223621103117506 0.027348394768133173 0.02038369304556355
8 0.7544589774078478 0.223621103117506 0.022592152199762187 0.017985611510791366
13 0.7717003567181926 0.22482014388489208 0.07372175980975029 0.08273381294964029
8 0.7544589774078478 0.22541966426858512 0.022592152199762187 0.016786570743405275
11 0.7925089179548157 0.19664268585131894 0.04637336504161712 0.06474820143884892
9 0.7717003567181926 0.22482014388489208 0.07372175980975029 0.08273381294964029
8 0.21343638525564804 0.7302158273381295 0.034482758620689655 0.04316546762589928
2 0.38882282996432815 0.1906474820143885 0.016646848989298454 0.019184652278177457
13 0.7853745541022592 0.22422062350119903 0.039239001189060645 0.05995203836930456
0 0.5975029726516052 0.37290167865707435 0.12247324613555291 0.15587529976019185
0 0.5362663495838288 0.40467625899280574 0.23781212841854935 0.18105515587529977
