11 0.83203125 0.6338541666666667 0.041666666666666664 0.07395833333333333
0 0.5442708333333334 0.3223958333333333 0.09635416666666667 0.11145833333333334
10 0.8307291666666666 0.6401041666666667 0.0546875 0.046875
10 0.20963541666666666 0.6052083333333333 0.1328125 0.07708333333333334
11 0.8307291666666666 0.6401041666666667 0.0546875 0.046875
10 0.833984375 0.64375 0.045572916666666664 0.04791666666666667
10 0.2584635416666667 0.6208333333333333 0.2565104166666667 0.1
10 0.16861979166666666 0.6145833333333334 0.06901041666666667 0.09583333333333334
10 0.83203125 0.6338541666666667 0.041666666666666664 0.07395833333333333
11 0.833984375 0.64375 0.045572916666666664 0.04791666666666667
