5 0.7503067484662577 0.4586021505376344 0.27607361963190186 0.5881720430107527
9 0.7656441717791411 0.3311827956989247 0.1668711656441718 0.1956989247311828
9 0.0950920245398773 0.628494623655914 0.05030674846625767 0.04408602150537634
13 0.7092024539877301 0.32741935483870965 0.2871165644171779 0.3
6 0.3239263803680982 0.22849462365591397 0.1423312883435583 0.14516129032258066
11 0.8355828220858895 0.7397849462365591 0.17668711656441718 0.13548387096774195
9 0.3165644171779141 0.2924731182795699 0.16932515337423312 0.16344086021505377
6 0.6521472392638037 0.21451612903225806 0.10920245398773006 0.1043010752688172
5 0.25153374233128833 0.45806451612903226 0.3754601226993865 0.6967741935483871
13 0.28588957055214725 0.3403225806451613 0.26012269938650306 0.25483870967741934
