13 0.23502604166666666 0.13072916666666667 0.09244791666666667 0.140625
0 0.4375 0.20572916666666666 0.09375 0.09479166666666666
10 0.669921875 0.42083333333333334 0.08203125 0.15416666666666667
10 0.6002604166666666 0.44635416666666666 0.23697916666666666 0.25104166666666666
7 0.5989583333333334 0.39166666666666666 0.1875 0.0375
2 0.44921875 0.21145833333333333 0.0625 0.020833333333333332
0 0.4388020833333333 0.19166666666666668 0.09635416666666667 0.07291666666666667
7 0.59765625 0.37916666666666665 0.18489583333333334 0.07708333333333334
11 0.49609375 0.07552083333333333 0.12239583333333333 0.021875
3 0.423828125 0.471875 0.4127604166666667 0.14166666666666666
7 0.15690104166666666 0.4421875 0.14973958333333334 0.146875
0 0.4296875 0.19114583333333332 0.11197916666666667 0.06770833333333333
7 0.5006510416666666 0.29322916666666665 0.19401041666666666 0.11979166666666667
10 0.541015625 0.41458333333333336 0.33984375 0.1875
11 0.2526041666666667 0.0609375 0.07552083333333333 0.026041666666666668
