10 0.8528368794326241 0.55126953125 0.0508274231678487 0.0849609375
10 0.8356973995271868 0.5419921875 0.08983451536643026 0.0859375
0 0.5656028368794326 0.2529296875 0.09574468085106383 0.111328125
5 0.3008274231678487 0.380859375 0.1690307328605201 0.228515625
5 0.28132387706855794 0.41064453125 0.22458628841607564 0.2373046875
0 0.5644208037825059 0.25244140625 0.08865248226950355 0.1044921875
5 0.7565011820330969 0.423828125 0.16784869976359337 0.21484375
10 0.83451536643026 0.56591796875 0.08274231678486997 0.1123046875
11 0.8528368794326241 0.55126953125 0.0508274231678487 0.0849609375
5 0.7446808510638298 0.4189453125 0.2127659574468085 0.25390625
0 0.5614657210401891 0.2373046875 0.1182033096926714 0.083984375
