10 0.8845327604726101 0.7964847363552267 0.04618689581095596 0.08880666049953746
11 0.8689581095596133 0.8103607770582794 0.06659505907626208 0.08325624421831637
11 0.8796992481203008 0.8237742830712304 0.055853920515574654 0.043478260869565216
5 0.24113856068743286 0.5846438482886216 0.16004296455424274 0.3071230342275671
13 0.22932330827067668 0.36262719703977797 0.09989258861439312 0.04625346901017576
13 0.3893662728249194 0.5083256244218316 0.06552094522019335 0.028677150786308975
10 0.8796992481203008 0.8237742830712304 0.055853920515574654 0.043478260869565216
0 0.5601503759398496 0.3122109158186864 0.1041890440386681 0.11193339500462535
11 0.8845327604726101 0.7964847363552267 0.04618689581095596 0.08880666049953746
10 0.8689581095596133 0.8103607770582794 0.06659505907626208 0.08325624421831637
13 0.3845327604726101 0.4162812210915819 0.079484425349087 0.03700277520814061
11 0.6493018259935553 0.15309898242368178 0.12996777658431793 0.032377428307123035
