11 0.25732421875 0.62255859375 0.0341796875 0.0380859375
9 0.5283203125 0.37109375 0.076171875 0.263671875
9 0.50927734375 0.54150390625 0.1767578125 0.6005859375
5 0.73828125 0.39306640625 0.1015625 0.1513671875
3 0.6015625 0.55908203125 0.361328125 0.0849609375
3 0.62890625 0.52978515625 0.283203125 0.1357421875
9 0.5048828125 0.4697265625 0.15625 0.357421875
3 0.59912109375 0.52734375 0.3505859375 0.18359375
6 0.3515625 0.541015625 0.19140625 0.16015625
10 0.25732421875 0.62255859375 0.0341796875 0.0380859375
13 0.3515625 0.541015625 0.19140625 0.16015625
