10 0.12938596491228072 0.8611111111111112 0.06140350877192982 0.04990583804143126
11 0.7258771929824561 0.13465160075329566 0.18640350877192982 0.07532956685499058
11 0.39144736842105265 0.12099811676082863 0.19298245614035087 0.06308851224105462
11 0.38377192982456143 0.11064030131826742 0.1600877192982456 0.04990583804143126
11 0.7127192982456141 0.13465160075329566 0.17324561403508773 0.062146892655367235
11 0.13157894736842105 0.8799435028248588 0.041666666666666664 0.06685499058380415
13 0.8678728070175439 0.3997175141242938 0.0712719298245614 0.059322033898305086
10 0.13157894736842105 0.8799435028248588 0.041666666666666664 0.06685499058380415
11 0.12938596491228072 0.8611111111111112 0.06140350877192982 0.04990583804143126
11 0.7017543859649122 0.12382297551789077 0.17763157894736842 0.05555555555555555
11 0.38377192982456143 0.12429378531073447 0.15789473684210525 0.030131826741996232
10 0.12280701754385964 0.8813559322033898 0.05263157894736842 0.0583804143126177
11 0.12280701754385964 0.8813559322033898 0.05263157894736842 0.0583804143126177
