11 0.7939453125 0.64990234375 0.05078125 0.0634765625
10 0.7939453125 0.64990234375 0.05078125 0.0634765625
13 0.728515625 0.54736328125 0.064453125 0.0166015625
3 0.5390625 0.5419921875 0.41015625 0.17578125
0 0.552734375 0.3046875 0.115234375 0.12109375
0 0.55126953125 0.3291015625 0.1279296875 0.162109375
3 0.5400390625 0.5830078125 0.4140625 0.095703125
13 0.72216796875 0.54541015625 0.0595703125 0.0185546875
0 0.55224609375 0.30224609375 0.1201171875 0.1240234375
3 0.53759765625 0.5771484375 0.4130859375 0.087890625
13 0.70556640625 0.560546875 0.1142578125 0.048828125
