0 0.5754608294930875 0.25210084033613445 0.11175115207373272 0.1092436974789916
3 0.570852534562212 0.523109243697479 0.5288018433179723 0.15336134453781514
8 0.3076036866359447 0.2668067226890756 0.020737327188940093 0.01680672268907563
13 0.24827188940092165 0.5598739495798319 0.13248847926267282 0.23949579831932774
3 0.5673963133640553 0.5409663865546218 0.5357142857142857 0.16806722689075632
9 0.3076036866359447 0.2668067226890756 0.020737327188940093 0.01680672268907563
8 0.3058755760368664 0.2652310924369748 0.02880184331797235 0.03046218487394958
5 0.8565668202764977 0.44695378151260506 0.12557603686635946 0.3644957983193277
5 0.1497695852534562 0.3692226890756303 0.1313364055299539 0.37289915966386555
3 0.5697004608294931 0.5141806722689075 0.48963133640552997 0.19222689075630253
