13 0.24934895833333334 0.4895833333333333 0.13151041666666666 0.10625
11 0.8313802083333334 0.5994791666666667 0.061197916666666664 0.06354166666666666
6 0.6692708333333334 0.37552083333333336 0.109375 0.078125
3 0.55078125 0.5546875 0.4479166666666667 0.09270833333333334
10 0.8313802083333334 0.5994791666666667 0.061197916666666664 0.06354166666666666
0 0.55078125 0.309375 0.11979166666666667 0.11666666666666667
6 0.2421875 0.4244791666666667 0.2760416666666667 0.284375
9 0.2421875 0.4244791666666667 0.2760416666666667 0.284375
3 0.5572916666666666 0.5505208333333333 0.4166666666666667 0.121875
11 0.5911458333333334 0.17083333333333334 0.14322916666666666 0.04791666666666667
3 0.552734375 0.5453125 0.44140625 0.11145833333333334
0 0.5436197916666666 0.2869791666666667 0.10807291666666667 0.078125
0 0.548828125 0.2833333333333333 0.08984375 0.07083333333333333
7 0.662109375 0.37135416666666665 0.14192708333333334 0.071875
6 0.24934895833333334 0.4895833333333333 0.13151041666666666 0.10625
13 0.6692708333333334 0.37552083333333336 0.109375 0.078125
11 0.3444010416666667 0.14895833333333333 0.12109375 0.027083333333333334
