8 0.3028708133971292 0.6732124874118832 0.014354066985645933 0.017119838872104734
13 0.7626794258373206 0.25176233635448136 0.13588516746411483 0.18731117824773413
13 0.7545454545454545 0.2502517623363545 0.12535885167464114 0.17623363544813697
8 0.33157894736842103 0.4501510574018127 0.21148325358851675 0.10473313192346426
13 0.32057416267942584 0.3147029204431017 0.23732057416267943 0.3413897280966767
13 0.24784688995215312 0.43605236656596175 0.13779904306220095 0.03625377643504532
13 0.369377990430622 0.26435045317220546 0.13588516746411483 0.1701913393756294
13 0.7669856459330143 0.23464249748237664 0.1368421052631579 0.16314199395770393
13 0.28708133971291866 0.18328298086606243 0.013397129186602871 0.050352467270896276
8 0.40382775119617226 0.6369587109768379 0.015311004784688996 0.011077542799597181
13 0.3631578947368421 0.25629405840886205 0.15406698564593302 0.22054380664652568
