13 0.28967813540510545 0.20200181983621474 0.06437291897891231 0.034576888080072796
11 0.3934517203107658 0.1292083712465878 0.15871254162042175 0.04367606915377616
13 0.6448390677025527 0.17288444040036396 0.03107658157602664 0.03275705186533212
7 0.2524972253052164 0.5150136487716106 0.23196448390677027 0.21474067333939945
13 0.28967813540510545 0.20018198362147407 0.06881243063263041 0.03821656050955414
11 0.4051054384017758 0.12829845313921748 0.10876803551609324 0.04913557779799818
13 0.290788013318535 0.20336669699727025 0.06437291897891231 0.0373066424021838
11 0.6859045504994451 0.15195632393084624 0.1709211986681465 0.040036396724294813
0 0.5987791342952276 0.278434940855323 0.1076581576026637 0.09099181073703366
0 0.5960044395116537 0.28798908098271153 0.11320754716981132 0.12465878070973613
13 0.7319644839067703 0.26524112829845314 0.08546059933407325 0.11373976342129208
