13 0.2769156159068865 0.426056338028169 0.07662463627546072 0.04124748490945674
11 0.6813773035887488 0.10814889336016097 0.09020368574199807 0.043259557344064385
13 0.7958292919495635 0.42806841046277666 0.03394762366634336 0.03722334004024145
13 0.27400581959262854 0.42806841046277666 0.061105722599418044 0.043259557344064385
11 0.3777885548011639 0.13782696177062373 0.0921435499515034 0.02414486921529175
13 0.3113482056256062 0.4864185110663984 0.01745877788554801 0.013078470824949699
11 0.8249272550921436 0.2605633802816901 0.028128031037827354 0.056338028169014086
13 0.7434529582929195 0.24195171026156942 0.09602327837051407 0.12776659959758552
13 0.30358874878758485 0.43913480885311873 0.16682832201745879 0.11167002012072434
13 0.7565470417070805 0.3023138832997988 0.15906886517943744 0.272635814889336
11 0.6939864209505334 0.11468812877263582 0.07856450048496605 0.03822937625754527
13 0.7337536372453928 0.31086519114688127 0.20271580989330748 0.27364185110663986
8 0.3113482056256062 0.4864185110663984 0.01745877788554801 0.013078470824949699
