10 0.8881118881118881 0.7267303102625299 0.07692307692307693 0.10739856801909307
11 0.8846153846153846 0.7225536992840096 0.06060606060606061 0.07279236276849642
0 0.5751748251748252 0.31861575178997614 0.12237762237762238 0.15274463007159905
3 0.5641025641025641 0.7040572792362768 0.43356643356643354 0.11694510739856802
10 0.8846153846153846 0.7225536992840096 0.06060606060606061 0.07279236276849642
0 0.5821678321678322 0.30250596658711215 0.10606060606060606 0.12291169451073986
11 0.9079254079254079 0.7106205250596659 0.06526806526806526 0.08233890214797136
11 0.8881118881118881 0.7267303102625299 0.07692307692307693 0.10739856801909307
0 0.5833333333333334 0.2947494033412888 0.11538461538461539 0.10501193317422435
10 0.9079254079254079 0.7106205250596659 0.06526806526806526 0.08233890214797136
