5 0.21158854166666666 0.49270833333333336 0.29296875 0.4583333333333333
5 0.6783854166666666 0.5182291666666666 0.16927083333333334 0.19270833333333334
0 0.5227864583333334 0.3385416666666667 0.10546875 0.08125
13 0.6725260416666666 0.5130208333333334 0.17838541666666666 0.16770833333333332
13 0.20703125 0.5479166666666667 0.22135416666666666 0.2604166666666667
9 0.20703125 0.5479166666666667 0.22135416666666666 0.2604166666666667
3 0.5123697916666666 0.6703125 0.42578125 0.159375
13 0.19270833333333334 0.3828125 0.13020833333333334 0.09270833333333334
0 0.5201822916666666 0.36822916666666666 0.12109375 0.121875
13 0.19661458333333334 0.3515625 0.14322916666666666 0.16354166666666667
5 0.6764322916666666 0.5515625 0.20963541666666666 0.34270833333333334
5 0.20703125 0.5479166666666667 0.22135416666666666 0.2604166666666667
9 0.6783854166666666 0.5182291666666666 0.16927083333333334 0.19270833333333334
13 0.201171875 0.5953125 0.2591145833333333 0.28229166666666666
0 0.5227864583333334 0.3515625 0.11328125 0.096875
13 0.6783854166666666 0.5182291666666666 0.16927083333333334 0.19270833333333334
13 0.19596354166666666 0.33125 0.12630208333333334 0.13541666666666666
