0 0.56689453125 0.28515625 0.1025390625 0.111328125
13 0.74365234375 0.3515625 0.0146484375 0.037109375
8 0.6650390625 0.3759765625 0.009765625 0.0078125
8 0.73388671875 0.5302734375 0.0185546875 0.017578125
8 0.361328125 0.5556640625 0.01953125 0.013671875
8 0.431640625 0.140625 0.00390625 0.005859375
8 0.73779296875 0.55322265625 0.0205078125 0.0166015625
8 0.6728515625 0.57861328125 0.013671875 0.0166015625
8 0.64697265625 0.15478515625 0.0107421875 0.0107421875
8 0.673828125 0.5810546875 0.0078125 0.0078125
8 0.64697265625 0.15380859375 0.0048828125 0.0126953125
2 0.73095703125 0.5654296875 0.0283203125 0.015625
8 0.66650390625 0.37548828125 0.0107421875 0.0087890625
11 0.599609375 0.1279296875 0.03125 0.02734375
8 0.6171875 0.2060546875 0.009765625 0.017578125
0 0.57568359375 0.26953125 0.0830078125 0.068359375
13 0.78173828125 0.5048828125 0.0185546875 0.04296875
2 0.7822265625 0.5029296875 0.0234375 0.046875
8 0.76953125 0.583984375 0.01171875 0.009765625
2 0.73095703125 0.56689453125 0.0361328125 0.0166015625
8 0.470703125 0.49072265625 0.013671875 0.0146484375
2 0.7294921875 0.56689453125 0.02734375 0.0107421875
8 0.65771484375 0.42138671875 0.0205078125 0.0166015625
8 0.61669921875 0.20654296875 0.0126953125 0.0166015625
8 0.6181640625 0.5439453125 0.009765625 0.0234375
11 0.4267578125 0.12353515625 0.052734375 0.0146484375
13 0.44482421875 0.2822265625 0.0205078125 0.095703125
8 0.736328125 0.55224609375 0.01953125 0.0244140625
8 0.44921875 0.4990234375 0.01171875 0.009765625
8 0.71044921875 0.4287109375 0.0146484375 0.015625
8 0.73486328125 0.529296875 0.0224609375 0.017578125
8 0.7109375 0.4287109375 0.013671875 0.017578125
8 0.736328125 0.54052734375 0.0234375 0.0419921875
2 0.7861328125 0.505859375 0.021484375 0.0546875
8 0.64794921875 0.15673828125 0.0126953125 0.0166015625
8 0.29248046875 0.47607421875 0.0185546875 0.0224609375
2 0.560546875 0.2734375 0.05078125 0.07421875
8 0.6201171875 0.2490234375 0.017578125 0.015625
0 0.57275390625 0.2919921875 0.0927734375 0.123046875
