10 0.9033942558746736 0.824431256181998 0.03655352480417755 0.05637982195845697
11 0.662532637075718 0.2032640949554896 0.2754569190600522 0.1552917903066271
1 0.6886422976501305 0.4362017804154303 0.34856396866840733 0.6132542037586548
11 0.6612271540469974 0.19881305637982197 0.2859007832898172 0.17012858555885263
1 0.72911227154047 0.367457962413452 0.293733681462141 0.3016815034619189
7 0.6886422976501305 0.4362017804154303 0.34856396866840733 0.6132542037586548
13 0.7265013054830287 0.31750741839762614 0.26762402088772846 0.19584569732937684
1 0.7265013054830287 0.31750741839762614 0.26762402088772846 0.19584569732937684
10 0.8929503916449086 0.8194856577645895 0.057441253263707574 0.08011869436201781
11 0.8929503916449086 0.8194856577645895 0.057441253263707574 0.08011869436201781
13 0.72911227154047 0.367457962413452 0.293733681462141 0.3016815034619189
11 0.9033942558746736 0.824431256181998 0.03655352480417755 0.05637982195845697
