11 0.36773547094188375 0.22115384615384615 0.16032064128256512 0.07692307692307693
3 0.5906813627254509 0.6955128205128205 0.4198396793587174 0.11324786324786325
11 0.6472945891783567 0.21901709401709402 0.19238476953907815 0.0811965811965812
3 0.5886773547094188 0.6901709401709402 0.40180360721442887 0.13247863247863248
3 0.5791583166332666 0.7104700854700855 0.4188376753507014 0.1452991452991453
0 0.5691382765531062 0.39903846153846156 0.09819639278557114 0.11858974358974358
11 0.6432865731462926 0.20032051282051283 0.14228456913827656 0.05235042735042735
11 0.3717434869739479 0.20833333333333334 0.12625250501002003 0.03632478632478633
0 0.5546092184368737 0.3926282051282051 0.13527054108216433 0.1420940170940171
0 0.5731462925851704 0.4033119658119658 0.12024048096192384 0.15064102564102563
