13 0.2565891472868217 0.5 0.3612403100775194 0.6598311218335344
5 0.27286821705426356 0.3866103739445115 0.24496124031007752 0.15078407720144751
8 0.8193798449612403 0.376357056694813 0.007751937984496124 0.007237635705669481
8 0.810077519379845 0.4131483715319662 0.010852713178294573 0.010856453558504222
13 0.362015503875969 0.22617611580217128 0.07286821705426356 0.06875753920386007
11 0.3457364341085271 0.17370325693606756 0.12713178294573643 0.06031363088057901
6 0.7782945736434108 0.5066344993968637 0.19224806201550387 0.2677925211097708
13 0.27286821705426356 0.3866103739445115 0.24496124031007752 0.15078407720144751
13 0.751937984496124 0.6881785283474066 0.17984496124031008 0.24728588661037396
13 0.11705426356589148 0.9065138721351025 0.03255813953488372 0.06875753920386007
11 0.6441860465116279 0.1574185765983112 0.13488372093023257 0.032569360675512665
8 0.8186046511627907 0.376357056694813 0.012403100775193798 0.012062726176115802
8 0.8162790697674419 0.3962605548854041 0.010852713178294573 0.008443908323281062
6 0.2565891472868217 0.5 0.3612403100775194 0.6598311218335344
6 0.751937984496124 0.6881785283474066 0.17984496124031008 0.24728588661037396
6 0.24031007751937986 0.6133896260554885 0.23565891472868217 0.27864897466827504
11 0.8658914728682171 0.8902291917973462 0.04806201550387597 0.1158021712907117
6 0.2317829457364341 0.6151990349819059 0.22170542635658916 0.25331724969843183
13 0.26589147286821707 0.31363088057901084 0.23410852713178296 0.3112183353437877
13 0.8054263565891473 0.6990349819059107 0.17519379844961241 0.10735826296743065
5 0.24031007751937986 0.6133896260554885 0.23565891472868217 0.27864897466827504
8 0.8054263565891473 0.6990349819059107 0.17519379844961241 0.10735826296743065
13 0.2317829457364341 0.6151990349819059 0.22170542635658916 0.25331724969843183
11 0.8348837209302326 0.9028950542822678 0.06046511627906977 0.05186972255729795
6 0.775968992248062 0.6224366706875754 0.2558139534883721 0.39806996381182147
11 0.35038759689922483 0.17189384800965019 0.10542635658914729 0.04221954161640531
10 0.8658914728682171 0.8902291917973462 0.04806201550387597 0.1158021712907117
8 0.8147286821705426 0.39324487334137515 0.007751937984496124 0.0048250904704463205
8 0.8077519379844961 0.41254523522316044 0.006201550387596899 0.007237635705669481
5 0.775968992248062 0.6224366706875754 0.2558139534883721 0.39806996381182147
13 0.7232558139534884 0.2545235223160434 0.04186046511627907 0.06513872135102533
13 0.7348837209302326 0.24668275030156817 0.06511627906976744 0.06875753920386007
