11 0.90625 0.5985294117647059 0.05945121951219512 0.07647058823529412
11 0.12423780487804878 0.6272058823529412 0.05030487804878049 0.08676470588235294
10 0.12423780487804878 0.6272058823529412 0.05030487804878049 0.08676470588235294
0 0.6204268292682927 0.28088235294117647 0.15548780487804878 0.17941176470588235
7 0.15015243902439024 0.5970588235294118 0.06554878048780488 0.08529411764705883
10 0.90625 0.5985294117647059 0.05945121951219512 0.07647058823529412
10 0.8864329268292683 0.5786764705882353 0.10213414634146341 0.1426470588235294
7 0.9054878048780488 0.6051470588235294 0.051829268292682924 0.09558823529411764
0 0.6295731707317073 0.27647058823529413 0.14939024390243902 0.15294117647058825
0 0.6051829268292683 0.28602941176470587 0.15548780487804878 0.14852941176470588
3 0.6158536585365854 0.5808823529411765 0.4573170731707317 0.1264705882352941
3 0.6227134146341463 0.5610294117647059 0.46189024390243905 0.16323529411764706
