5 0.22281323877068557 0.36767578125 0.2044917257683215 0.1337890625
1 0.17671394799054374 0.390625 0.14775413711583923 0.1171875
6 0.24349881796690306 0.4423828125 0.32387706855791965 0.37109375
4 0.23877068557919623 0.4638671875 0.28368794326241137 0.291015625
4 0.22281323877068557 0.36767578125 0.2044917257683215 0.1337890625
6 0.764775413711584 0.38427734375 0.2458628841607565 0.4853515625
7 0.7553191489361702 0.3837890625 0.2364066193853428 0.48828125
4 0.7434988179669031 0.23291015625 0.16312056737588654 0.1943359375
13 0.24763593380614657 0.46923828125 0.3037825059101655 0.3779296875
4 0.8014184397163121 0.46484375 0.1536643026004728 0.119140625
4 0.17671394799054374 0.390625 0.14775413711583923 0.1171875
3 0.5632387706855791 0.556640625 0.44799054373522457 0.15234375
8 0.17671394799054374 0.390625 0.14775413711583923 0.1171875
4 0.7553191489361702 0.3837890625 0.2364066193853428 0.48828125
3 0.5685579196217494 0.56689453125 0.44208037825059104 0.1630859375
13 0.7594562647754137 0.4326171875 0.2565011820330969 0.404296875
7 0.23877068557919623 0.4638671875 0.28368794326241137 0.291015625
