13 0.29447513812154696 0.3139418254764293 0.12265193370165746 0.11835506519558676
1 0.26519337016574585 0.26078234704112335 0.19447513812154696 0.17452357071213642
13 0.2823204419889503 0.2938816449348044 0.14917127071823205 0.13841524573721165
11 0.6149171270718232 0.16349047141424272 0.1580110497237569 0.04212637913741224
13 0.20994475138121546 0.38064192577733197 0.11933701657458563 0.031093279839518557
11 0.12154696132596685 0.850050150451354 0.05303867403314917 0.08926780341023069
11 0.8116022099447514 0.7617853560682046 0.045303867403314914 0.11133400200601805
0 0.5176795580110497 0.3696088264794383 0.1292817679558011 0.14543630892678033
13 0.26519337016574585 0.26078234704112335 0.19447513812154696 0.17452357071213642
10 0.12154696132596685 0.850050150451354 0.05303867403314917 0.08926780341023069
11 0.12265193370165746 0.8440320962888666 0.04861878453038674 0.09528585757271815
13 0.20386740331491712 0.3791374122367101 0.10718232044198896 0.028084252758274825
13 0.23977900552486187 0.6664994984954865 0.09944751381215469 0.07923771313941826
11 0.8171270718232044 0.7527582748244734 0.05414364640883978 0.15747241725175526
11 0.30662983425414364 0.23269809428284854 0.24861878453038674 0.1424272818455366
11 0.13149171270718232 0.8530591775325977 0.061878453038674036 0.09729187562688064
11 0.2900552486187845 0.19658976930792377 0.10939226519337017 0.07422266800401203
11 0.6071823204419889 0.18806419257773319 0.2132596685082873 0.0712136409227683
10 0.8049723756906078 0.7412236710130391 0.06298342541436464 0.08224674022066199
13 0.7082872928176795 0.4428284854563691 0.2011049723756906 0.11133400200601805
1 0.6187845303867403 0.17101303911735205 0.13701657458563535 0.04714142427281846
13 0.2149171270718232 0.3811434302908726 0.1270718232044199 0.028084252758274825
6 0.2430939226519337 0.6735205616850551 0.08839779005524862 0.0712136409227683
13 0.7276243093922652 0.44433299899699097 0.19779005524861878 0.12036108324974924
11 0.8049723756906078 0.7412236710130391 0.06298342541436464 0.08224674022066199
13 0.7071823204419889 0.46489468405215645 0.2143646408839779 0.16349047141424272
