13 0.28430232558139534 0.2988556338028169 0.09186046511627907 0.07482394366197183
13 0.23604651162790696 0.23987676056338028 0.06046511627906977 0.07658450704225352
11 0.6930232558139535 0.14040492957746478 0.08372093023255814 0.029049295774647887
13 0.1511627906976744 0.4154929577464789 0.10465116279069768 0.056338028169014086
11 0.3430232558139535 0.1289612676056338 0.14651162790697675 0.03433098591549296
13 0.13662790697674418 0.43705985915492956 0.06395348837209303 0.023767605633802816
13 0.7098837209302326 0.3279049295774648 0.2058139534883721 0.18397887323943662
7 0.3447674418604651 0.3873239436619718 0.11511627906976744 0.1637323943661972
13 0.12906976744186047 0.43838028169014087 0.06279069767441861 0.01232394366197183
13 0.32558139534883723 0.39744718309859156 0.13023255813953488 0.12235915492957747
13 0.17209302325581396 0.3961267605633803 0.08139534883720931 0.03169014084507042
11 0.3494186046511628 0.13336267605633803 0.16395348837209303 0.016725352112676055
11 0.6930232558139535 0.14040492957746478 0.07906976744186046 0.022007042253521125
13 0.7412790697674418 0.2649647887323944 0.18023255813953487 0.11795774647887323
