5 0.7398081534772182 0.3151515151515151 0.2014388489208633 0.38303030303030305
6 0.7050359712230215 0.22181818181818183 0.2517985611510791 0.22303030303030302
7 0.7122302158273381 0.2581818181818182 0.2182254196642686 0.2593939393939394
7 0.3303357314148681 0.24727272727272728 0.20503597122302158 0.2593939393939394
6 0.3195443645083933 0.22484848484848485 0.29856115107913667 0.2824242424242424
13 0.7122302158273381 0.2581818181818182 0.2182254196642686 0.2593939393939394
6 0.32014388489208634 0.24787878787878787 0.24700239808153476 0.24606060606060606
6 0.7122302158273381 0.2581818181818182 0.2182254196642686 0.2593939393939394
5 0.3195443645083933 0.22484848484848485 0.29856115107913667 0.2824242424242424
2 0.7122302158273381 0.2581818181818182 0.2182254196642686 0.2593939393939394
13 0.3303357314148681 0.24727272727272728 0.20503597122302158 0.2593939393939394
6 0.3303357314148681 0.24727272727272728 0.20503597122302158 0.2593939393939394
9 0.39568345323741005 0.7224242424242424 0.13189448441247004 0.17696969696969697
2 0.3303357314148681 0.24727272727272728 0.20503597122302158 0.2593939393939394
