5 0.20406824146981628 0.4319682959048877 0.21128608923884515 0.2166446499339498
1 0.20078740157480315 0.6155878467635403 0.14435695538057744 0.12681638044914134
10 0.17060367454068243 0.6109643328929987 0.2283464566929134 0.11756935270805813
10 0.12598425196850394 0.6895640686922061 0.1679790026246719 0.13474240422721268
10 0.21456692913385828 0.6380449141347424 0.421259842519685 0.4570673712021136
2 0.916010498687664 0.23712021136063408 0.047244094488188976 0.07529722589167767
2 0.5019685039370079 0.36922060766182296 0.06430446194225722 0.05680317040951123
5 0.6896325459317585 0.48018494055482164 0.17716535433070865 0.27873183619550856
8 0.21456692913385828 0.6380449141347424 0.421259842519685 0.4570673712021136
10 0.6948818897637795 0.7199471598414795 0.21391076115485563 0.15587846763540292
10 0.6371391076115486 0.6862615587846763 0.3766404199475066 0.37912813738441214
10 0.7217847769028871 0.7430647291941875 0.15223097112860892 0.08850726552179657
0 0.4927821522309711 0.40885072655217963 0.15616797900262466 0.23645970937912814
