9 0.30517578125 0.68359375 0.0888671875 0.06640625
10 0.236328125 0.7666015625 0.0390625 0.0625
11 0.236328125 0.7666015625 0.0390625 0.0625
11 0.2314453125 0.77783203125 0.033203125 0.0537109375
3 0.55908203125 0.59912109375 0.3818359375 0.1240234375
0 0.5673828125 0.34375 0.11328125 0.134765625
0 0.56884765625 0.341796875 0.1103515625 0.12109375
11 0.80126953125 0.70458984375 0.0380859375 0.0673828125
11 0.7998046875 0.71533203125 0.041015625 0.0576171875
10 0.7998046875 0.71533203125 0.041015625 0.0576171875
3 0.5673828125 0.6015625 0.388671875 0.119140625
3 0.576171875 0.591796875 0.404296875 0.14453125
0 0.56787109375 0.328125 0.1083984375 0.10546875
