7 0.7587336244541485 0.40591658583899126 0.2205240174672489 0.27643064985451016
13 0.7587336244541485 0.40591658583899126 0.2205240174672489 0.27643064985451016
9 0.743995633187773 0.6813773035887488 0.2827510917030568 0.11542192046556742
12 0.7145196506550219 0.18816682832201745 0.2762008733624454 0.15324927255092144
12 0.7161572052401747 0.2075654704170708 0.2314410480349345 0.1454898157129001
13 0.7887554585152838 0.3370514064015519 0.12336244541484716 0.11930164888457807
13 0.7259825327510917 0.4204655674102813 0.22707423580786026 0.07468477206595538
11 0.6905021834061136 0.16537342386032977 0.18449781659388648 0.06886517943743937
13 0.7532751091703057 0.38651794374393794 0.2052401746724891 0.1813773035887488
12 0.7046943231441049 0.21968962172647916 0.21069868995633187 0.1716779825412221
