3 0.625 0.58740234375 0.359375 0.1083984375
13 0.39013671875 0.478515625 0.1806640625 0.11328125
7 0.40380859375 0.4609375 0.1376953125 0.095703125
0 0.630859375 0.2939453125 0.083984375 0.072265625
6 0.39013671875 0.478515625 0.1806640625 0.11328125
13 0.37646484375 0.4599609375 0.1689453125 0.103515625
3 0.6201171875 0.57470703125 0.361328125 0.0791015625
5 0.37646484375 0.4599609375 0.1689453125 0.103515625
0 0.62744140625 0.29736328125 0.0908203125 0.0712890625
6 0.37646484375 0.4599609375 0.1689453125 0.103515625
