0 0.6080470162748643 0.2592429577464789 0.09855334538878843 0.10827464788732394
0 0.5976491862567812 0.25264084507042256 0.10849909584086799 0.1056338028169014
7 0.34810126582278483 0.4784330985915493 0.21338155515370705 0.07658450704225352
11 0.7075045207956601 0.0743838028169014 0.06600361663652803 0.027288732394366196
0 0.6021699819168174 0.24339788732394366 0.08318264014466546 0.0801056338028169
9 0.370253164556962 0.4709507042253521 0.18896925858951175 0.03697183098591549
13 0.3946654611211573 0.31382042253521125 0.03887884267631103 0.018485915492957746
10 0.24909584086799277 0.4903169014084507 0.03345388788426763 0.08626760563380281
3 0.620253164556962 0.4898767605633803 0.34177215189873417 0.09595070422535211
11 0.24909584086799277 0.4903169014084507 0.03345388788426763 0.08626760563380281
7 0.370253164556962 0.4709507042253521 0.18896925858951175 0.03697183098591549
10 0.26491862567811936 0.45994718309859156 0.06148282097649186 0.10123239436619719
11 0.26491862567811936 0.45994718309859156 0.06148282097649186 0.10123239436619719
