13 0.7965465465465466 0.6556372549019608 0.14864864864864866 0.0784313725490196
9 0.7079579579579579 0.7071078431372549 0.33483483483483484 0.14215686274509803
13 0.7807807807807807 0.6311274509803921 0.09309309309309309 0.024509803921568627
3 0.5277777777777778 0.7113970588235294 0.45795795795795796 0.1948529411764706
13 0.8460960960960962 0.6709558823529411 0.046546546546546545 0.05269607843137255
11 0.8671171171171171 0.7536764705882353 0.06756756756756757 0.09068627450980392
11 0.756006006006006 0.6323529411764706 0.15765765765765766 0.03676470588235294
13 0.21021021021021022 0.5545343137254902 0.15915915915915915 0.05269607843137255
13 0.21846846846846846 0.5594362745098039 0.16966966966966968 0.06740196078431372
10 0.8671171171171171 0.7536764705882353 0.06756756756756757 0.09068627450980392
13 0.22372372372372373 0.5490196078431373 0.16816816816816818 0.0661764705882353
11 0.8340840840840841 0.6752450980392157 0.04954954954954955 0.04411764705882353
