10 0.3118489583333333 0.36302083333333335 0.3346354166666667 0.5489583333333333
10 0.9212239583333334 0.58125 0.05078125 0.06458333333333334
3 0.6061197916666666 0.4328125 0.4544270833333333 0.203125
11 0.9212239583333334 0.58125 0.05078125 0.06458333333333334
7 0.3346354166666667 0.33229166666666665 0.15364583333333334 0.15416666666666667
10 0.9231770833333334 0.5828125 0.0625 0.08854166666666667
13 0.8665364583333334 0.44583333333333336 0.07682291666666667 0.11458333333333333
6 0.32421875 0.30572916666666666 0.1796875 0.21145833333333333
3 0.6302083333333334 0.4515625 0.3958333333333333 0.253125
10 0.3072916666666667 0.3026041666666667 0.3359375 0.465625
7 0.8665364583333334 0.44583333333333336 0.07682291666666667 0.11458333333333333
11 0.9231770833333334 0.5828125 0.0625 0.08854166666666667
7 0.32421875 0.30572916666666666 0.1796875 0.21145833333333333
10 0.3229166666666667 0.33645833333333336 0.3463541666666667 0.5354166666666667
7 0.3138020833333333 0.3609375 0.18489583333333334 0.14270833333333333
