3 0.5909090909090909 0.6602641056422569 0.40175953079178883 0.1608643457382953
9 0.19501466275659823 0.6296518607442977 0.03812316715542522 0.03721488595438175
11 0.36070381231671556 0.19687875150060025 0.08211143695014662 0.01680672268907563
11 0.5615835777126099 0.18907563025210083 0.06158357771260997 0.03961584633853541
3 0.593108504398827 0.6476590636254502 0.4120234604105572 0.1644657863145258
2 0.5527859237536656 0.3637454981992797 0.03519061583577713 0.04321728691476591
3 0.593108504398827 0.6368547418967587 0.40615835777126097 0.1836734693877551
11 0.7008797653958945 0.20168067226890757 0.05865102639296188 0.04801920768307323
0 0.5285923753665689 0.3553421368547419 0.10410557184750734 0.08163265306122448
2 0.5542521994134897 0.36494597839135656 0.03225806451612903 0.05042016806722689
