10 0.14483111566018425 0.8964705882352941 0.048106448311156604 0.058823529411764705
9 0.5066530194472876 0.5788235294117647 0.12487205731832139 0.5435294117647059
5 0.2523029682702149 0.7564705882352941 0.07881269191402251 0.11294117647058824
11 0.8679631525076765 0.9141176470588235 0.028659160696008188 0.058823529411764705
7 0.7871033776867963 0.7964705882352942 0.0736949846468782 0.08235294117647059
9 0.7871033776867963 0.7964705882352942 0.0736949846468782 0.08235294117647059
5 0.2661207778915046 0.6723529411764706 0.13510747185261002 0.32823529411764707
3 0.5834186284544524 0.7470588235294118 0.40736949846468784 0.22588235294117648
10 0.8679631525076765 0.9141176470588235 0.028659160696008188 0.058823529411764705
13 0.24155578300921188 0.6611764705882353 0.12282497441146366 0.3129411764705882
11 0.14534288638689866 0.8905882352941177 0.032753326509723645 0.12470588235294118
11 0.14483111566018425 0.8964705882352941 0.048106448311156604 0.058823529411764705
13 0.2523029682702149 0.7564705882352941 0.07881269191402251 0.11294117647058824
