2 0.819557625145518 0.44506726457399104 0.09080325960419092 0.28699551569506726
13 0.8393480791618161 0.5397982062780269 0.05820721769499418 0.07511210762331838
13 0.710128055878929 0.25448430493273544 0.06752037252619325 0.08520179372197309
13 0.6967403958090803 0.30493273542600896 0.05471478463329453 0.09417040358744394
2 0.8364377182770664 0.5386771300448431 0.05238649592549476 0.07511210762331838
13 0.7235157159487776 0.2741031390134529 0.08265424912689173 0.07062780269058296
0 0.6082654249126892 0.35257847533632286 0.09662398137369034 0.13340807174887892
13 0.8422584400465658 0.42769058295964124 0.0710128055878929 0.07286995515695067
9 0.710128055878929 0.25448430493273544 0.06752037252619325 0.08520179372197309
0 0.6164144353899884 0.33464125560538116 0.08963911525029103 0.09753363228699552
2 0.829452852153667 0.42432735426008966 0.05471478463329453 0.05493273542600897
13 0.819557625145518 0.44506726457399104 0.09080325960419092 0.28699551569506726
2 0.710128055878929 0.25448430493273544 0.06752037252619325 0.08520179372197309
3 0.610011641443539 0.7158071748878924 0.40279394644935973 0.15807174887892378
