10 0.9134199134199135 0.7697297297297298 0.03751803751803752 0.04972972972972973
4 0.21428571428571427 0.5924324324324325 0.30158730158730157 0.24864864864864866
13 0.7402597402597403 0.3708108108108108 0.2597402597402597 0.3264864864864865
11 0.9134199134199135 0.7697297297297298 0.03751803751803752 0.04972972972972973
4 0.25252525252525254 0.45135135135135135 0.35209235209235207 0.5286486486486487
7 0.7662337662337663 0.3935135135135135 0.31457431457431456 0.36108108108108106
7 0.21428571428571427 0.5924324324324325 0.30158730158730157 0.24864864864864866
7 0.8167388167388168 0.5951351351351352 0.2077922077922078 0.2454054054054054
6 0.8167388167388168 0.5951351351351352 0.2077922077922078 0.2454054054054054
6 0.753968253968254 0.47081081081081083 0.3217893217893218 0.5070270270270271
6 0.2676767676767677 0.3464864864864865 0.28715728715728717 0.34702702702702704
13 0.2676767676767677 0.3464864864864865 0.28715728715728717 0.34702702702702704
4 0.753968253968254 0.47081081081081083 0.3217893217893218 0.5070270270270271
6 0.25252525252525254 0.45135135135135135 0.35209235209235207 0.5286486486486487
7 0.2597402597402597 0.3497297297297297 0.2972582972582973 0.292972972972973
