3 0.577683615819209 0.6888677450047573 0.4114877589453861 0.2226450999048525
11 0.16195856873822975 0.7026641294005709 0.05084745762711865 0.09039010466222645
0 0.583804143126177 0.3877259752616556 0.11864406779661017 0.12274024738344434
6 0.736346516007533 0.5589914367269267 0.1807909604519774 0.13986679352997144
7 0.3347457627118644 0.4819219790675547 0.275894538606403 0.5128449096098954
4 0.3243879472693032 0.47906755470980017 0.2627118644067797 0.5280685061845861
3 0.5870998116760828 0.6845861084681256 0.3926553672316384 0.23501427212178877
11 0.3822975517890772 0.22169362511893434 0.10546139359698682 0.038058991436726926
4 0.3050847457627119 0.4709800190294957 0.2674199623352166 0.4433872502378687
4 0.3347457627118644 0.4819219790675547 0.275894538606403 0.5128449096098954
11 0.1548964218455744 0.7440532825880114 0.05743879472693032 0.17126546146527116
7 0.3243879472693032 0.47906755470980017 0.2627118644067797 0.5280685061845861
7 0.3050847457627119 0.4709800190294957 0.2674199623352166 0.4433872502378687
7 0.736346516007533 0.5589914367269267 0.1807909604519774 0.13986679352997144
10 0.2763653483992467 0.7340627973358707 0.3116760828625235 0.13415794481446242
10 0.16195856873822975 0.7026641294005709 0.05084745762711865 0.09039010466222645
10 0.1548964218455744 0.7440532825880114 0.05743879472693032 0.17126546146527116
