11 0.26806640625 0.28857421875 0.0673828125 0.3486328125
5 0.33544921875 0.33984375 0.2080078125 0.439453125
11 0.75341796875 0.69140625 0.0302734375 0.064453125
11 0.75390625 0.701171875 0.046875 0.0625
13 0.65283203125 0.33349609375 0.1982421875 0.3955078125
10 0.763671875 0.68408203125 0.0390625 0.0615234375
13 0.33544921875 0.33984375 0.2080078125 0.439453125
11 0.6240234375 0.10009765625 0.14453125 0.0849609375
10 0.25390625 0.685546875 0.05078125 0.0703125
10 0.26220703125 0.68359375 0.0400390625 0.05078125
6 0.34716796875 0.34765625 0.2158203125 0.494140625
5 0.65283203125 0.33349609375 0.1982421875 0.3955078125
6 0.65576171875 0.3720703125 0.2001953125 0.525390625
6 0.50830078125 0.35107421875 0.5341796875 0.6298828125
11 0.392578125 0.08251953125 0.140625 0.0556640625
11 0.25390625 0.685546875 0.05078125 0.0703125
11 0.25341796875 0.68896484375 0.0341796875 0.0615234375
11 0.763671875 0.68408203125 0.0390625 0.0615234375
11 0.61328125 0.072265625 0.14453125 0.078125
1 0.65283203125 0.33349609375 0.1982421875 0.3955078125
11 0.72021484375 0.20751953125 0.0947265625 0.1591796875
10 0.75390625 0.701171875 0.046875 0.0625
9 0.33544921875 0.33984375 0.2080078125 0.439453125
9 0.65283203125 0.33349609375 0.1982421875 0.3955078125
13 0.34423828125 0.37255859375 0.1943359375 0.1337890625
11 0.26220703125 0.68359375 0.0400390625 0.05078125
