9 0.23803191489361702 0.1694560669456067 0.0425531914893617 0.03138075313807531
7 0.7746010638297872 0.5345188284518828 0.1422872340425532 0.2196652719665272
3 0.6043882978723404 0.647489539748954 0.4747340425531915 0.18619246861924685
3 0.6156914893617021 0.6218619246861925 0.4787234042553192 0.16213389121338911
13 0.23803191489361702 0.1694560669456067 0.0425531914893617 0.03138075313807531
0 0.5804521276595744 0.3070083682008368 0.11569148936170212 0.09728033472803348
6 0.23803191489361702 0.1694560669456067 0.0425531914893617 0.03138075313807531
0 0.5644946808510638 0.3064853556485356 0.14760638297872342 0.1108786610878661
6 0.7746010638297872 0.5345188284518828 0.1422872340425532 0.2196652719665272
9 0.7746010638297872 0.5345188284518828 0.1422872340425532 0.2196652719665272
