8 0.30712890625 0.31689453125 0.0166015625 0.0146484375
11 0.7509765625 0.6748046875 0.048828125 0.064453125
10 0.74267578125 0.685546875 0.0556640625 0.09375
0 0.5546875 0.26708984375 0.10546875 0.1083984375
11 0.63427734375 0.65869140625 0.0478515625 0.0439453125
13 0.3173828125 0.2724609375 0.1796875 0.189453125
9 0.30712890625 0.31689453125 0.0166015625 0.0146484375
11 0.74267578125 0.685546875 0.0556640625 0.09375
10 0.7509765625 0.6748046875 0.048828125 0.064453125
13 0.35400390625 0.29833984375 0.0986328125 0.2197265625
11 0.662109375 0.388671875 0.224609375 0.515625
13 0.34423828125 0.30615234375 0.1005859375 0.1337890625
10 0.76123046875 0.685546875 0.0771484375 0.162109375
11 0.669921875 0.20068359375 0.111328125 0.1103515625
13 0.69921875 0.32080078125 0.0390625 0.1416015625
