8 0.2127003699136868 0.696969696969697 0.16152897657213316 0.1503030303030303
8 0.39889025893958074 0.6090909090909091 0.10727496917385944 0.12
10 0.20900123304562268 0.6818181818181818 0.15906288532675708 0.15151515151515152
7 0.2564734895191122 0.503030303030303 0.04192355117139334 0.03393939393939394
7 0.38594327990135635 0.6139393939393939 0.11097410604192355 0.12242424242424242
8 0.38594327990135635 0.6139393939393939 0.11097410604192355 0.12242424242424242
8 0.20221948212083848 0.2896969696969697 0.01972872996300863 0.02181818181818182
8 0.3372379778051788 0.31636363636363635 0.06781750924784218 0.06303030303030303
7 0.19913686806411837 0.6915151515151515 0.15906288532675708 0.15636363636363637
0 0.5727496917385944 0.34606060606060607 0.0998766954377312 0.1393939393939394
7 0.20900123304562268 0.6818181818181818 0.15906288532675708 0.15151515151515152
8 0.3353884093711467 0.3242424242424242 0.0690505548705302 0.07393939393939394
8 0.3360049321824908 0.31636363636363635 0.08014796547472257 0.06303030303030303
8 0.39765721331689274 0.6139393939393939 0.09494451294697903 0.11757575757575757
8 0.2564734895191122 0.503030303030303 0.04192355117139334 0.03393939393939394
8 0.25524044389642414 0.4951515151515152 0.04192355117139334 0.04727272727272727
8 0.25832305795314425 0.4987878787878788 0.03329223181257707 0.04
0 0.5721331689272503 0.343030303030303 0.10850801479654747 0.13090909090909092
7 0.3360049321824908 0.31636363636363635 0.08014796547472257 0.06303030303030303
