11 0.8868421052631579 0.8258636788048552 0.03684210526315789 0.04948646125116713
13 0.2794736842105263 0.49906629318394025 0.04736842105263158 0.036414565826330535
10 0.8868421052631579 0.8258636788048552 0.03684210526315789 0.04948646125116713
0 0.5715789473684211 0.2642390289449113 0.10526315789473684 0.11017740429505135
6 0.7173684210526315 0.24789915966386555 0.20526315789473684 0.23436041083099907
0 0.5710526315789474 0.28478057889822594 0.11263157894736842 0.14939309056956115
11 0.7131578947368421 0.1722689075630252 0.1168421052631579 0.08870214752567694
13 0.7231578947368421 0.2376283846872082 0.20842105263157895 0.20074696545284781
13 0.2168421052631579 0.30438842203548083 0.06526315789473684 0.06722689075630252
13 0.7068421052631579 0.22268907563025211 0.15473684210526314 0.15219421101774042
8 0.2794736842105263 0.49906629318394025 0.04736842105263158 0.036414565826330535
9 0.2794736842105263 0.49906629318394025 0.04736842105263158 0.036414565826330535
13 0.7173684210526315 0.24789915966386555 0.20526315789473684 0.23436041083099907
