3 0.6033190578158458 0.6 0.43790149892933616 0.09213483146067415
0 0.5910064239828694 0.31573033707865167 0.139186295503212 0.18202247191011237
9 0.49089935760171305 0.2893258426966292 0.12312633832976445 0.28876404494382024
3 0.6011777301927195 0.6219101123595505 0.43576017130620986 0.14269662921348314
11 0.1247323340471092 0.6213483146067416 0.043897216274089934 0.15730337078651685
11 0.8870449678800857 0.647191011235955 0.07815845824411134 0.09438202247191012
11 0.13650963597430407 0.6370786516853932 0.061027837259100645 0.08314606741573034
10 0.13650963597430407 0.6370786516853932 0.061027837259100645 0.08314606741573034
11 0.14293361884368308 0.6320224719101124 0.05246252676659529 0.1
11 0.9014989293361885 0.6696629213483146 0.055674518201284794 0.0696629213483146
10 0.14293361884368308 0.6320224719101124 0.05246252676659529 0.1
0 0.6017130620985011 0.3044943820224719 0.11349036402569593 0.18651685393258427
10 0.9014989293361885 0.6696629213483146 0.055674518201284794 0.0696629213483146
10 0.8870449678800857 0.647191011235955 0.07815845824411134 0.09438202247191012
10 0.1247323340471092 0.6213483146067416 0.043897216274089934 0.15730337078651685
0 0.5920770877944326 0.2876404494382023 0.139186295503212 0.1258426966292135
11 0.8923982869379015 0.6752808988764045 0.058886509635974305 0.10337078651685393
11 0.36349036402569596 0.16123595505617977 0.15310492505353318 0.05730337078651685
10 0.8923982869379015 0.6752808988764045 0.058886509635974305 0.10337078651685393
