8 0.6572104018912529 0.228515625 0.03546099290780142 0.03515625
9 0.7712765957446809 0.265625 0.022458628841607566 0.0234375
9 0.25295508274231676 0.4775390625 0.02364066193853428 0.013671875
9 0.9249408983451537 0.26708984375 0.01773049645390071 0.0224609375
9 0.32978723404255317 0.13916015625 0.030732860520094562 0.0146484375
9 0.25472813238770686 0.47607421875 0.03664302600472813 0.0166015625
9 0.91548463356974 0.3974609375 0.04373522458628842 0.294921875
9 0.6578014184397163 0.2255859375 0.03664302600472813 0.041015625
9 0.6572104018912529 0.228515625 0.03546099290780142 0.03515625
9 0.3309692671394799 0.138671875 0.037825059101654845 0.02734375
9 0.09810874704491726 0.27294921875 0.016548463356973995 0.0224609375
9 0.6524822695035462 0.2265625 0.026004728132387706 0.033203125
9 0.08983451536643026 0.55517578125 0.05200945626477541 0.1318359375
9 0.09160756501182032 0.55224609375 0.04609929078014184 0.1298828125
9 0.7683215130023641 0.26513671875 0.02364066193853428 0.0302734375
9 0.9018912529550828 0.47509765625 0.016548463356973995 0.1416015625
9 0.25354609929078015 0.478515625 0.027186761229314422 0.013671875
11 0.22576832151300236 0.1865234375 0.08983451536643026 0.0703125
9 0.7653664302600472 0.26611328125 0.022458628841607566 0.0205078125
9 0.09929078014184398 0.2724609375 0.014184397163120567 0.017578125
9 0.09101654846335698 0.55322265625 0.04018912529550828 0.1259765625
