0 0.5540364583333334 0.30416666666666664 0.11848958333333333 0.10833333333333334
0 0.5533854166666666 0.3182291666666667 0.1328125 0.11770833333333333
3 0.52734375 0.5307291666666667 0.4713541666666667 0.128125
3 0.52734375 0.5494791666666666 0.484375 0.178125
11 0.8828125 0.4895833333333333 0.07552083333333333 0.10833333333333334
10 0.8828125 0.4895833333333333 0.07552083333333333 0.10833333333333334
0 0.5546875 0.315625 0.13020833333333334 0.12291666666666666
3 0.5416666666666666 0.5130208333333334 0.4973958333333333 0.11354166666666667
9 0.767578125 0.5197916666666667 0.35546875 0.09166666666666666
9 0.814453125 0.496875 0.19921875 0.12916666666666668
