9 0.43859649122807015 0.35836385836385837 0.05764411027568922 0.08180708180708181
2 0.5319548872180451 0.3705738705738706 0.041353383458646614 0.050061050061050064
2 0.618421052631579 0.37362637362637363 0.016290726817042606 0.02197802197802198
2 0.5858395989974937 0.34554334554334554 0.03634085213032581 0.031746031746031744
3 0.5952380952380952 0.7051282051282052 0.48370927318295737 0.18681318681318682
3 0.5989974937343359 0.742979242979243 0.49122807017543857 0.13553113553113552
8 0.6046365914786967 0.1562881562881563 0.02631578947368421 0.02197802197802198
0 0.5720551378446115 0.3021978021978022 0.18170426065162906 0.16483516483516483
9 0.5319548872180451 0.3705738705738706 0.041353383458646614 0.050061050061050064
9 0.6466165413533834 0.40415140415140416 0.02756892230576441 0.03907203907203907
2 0.4968671679197995 0.3669108669108669 0.023809523809523808 0.03540903540903541
9 0.4968671679197995 0.3669108669108669 0.023809523809523808 0.03540903540903541
9 0.5344611528822055 0.3711843711843712 0.2518796992481203 0.10744810744810745
2 0.6466165413533834 0.40415140415140416 0.02756892230576441 0.03907203907203907
9 0.618421052631579 0.37362637362637363 0.016290726817042606 0.02197802197802198
0 0.5921052631578947 0.33455433455433453 0.18922305764411027 0.20757020757020758
9 0.5858395989974937 0.34554334554334554 0.03634085213032581 0.031746031746031744
0 0.5958646616541353 0.34004884004884006 0.19674185463659147 0.221001221001221
3 0.600250626566416 0.71001221001221 0.48120300751879697 0.17216117216117216
2 0.43859649122807015 0.35836385836385837 0.05764411027568922 0.08180708180708181
