11 0.69189453125 0.2060546875 0.1884765625 0.171875
7 0.37548828125 0.25439453125 0.2080078125 0.1435546875
13 0.3798828125 0.24609375 0.208984375 0.125
13 0.7294921875 0.298828125 0.20703125 0.224609375
11 0.61865234375 0.19091796875 0.0595703125 0.1201171875
13 0.35009765625 0.22998046875 0.1533203125 0.1376953125
1 0.7294921875 0.298828125 0.20703125 0.224609375
11 0.68359375 0.1669921875 0.189453125 0.083984375
13 0.732421875 0.29736328125 0.19140625 0.2470703125
13 0.37548828125 0.25439453125 0.2080078125 0.1435546875
6 0.35009765625 0.22998046875 0.1533203125 0.1376953125
13 0.73193359375 0.26611328125 0.1669921875 0.2275390625
