8 0.1491130820399113 0.5692239858906526 0.043237250554323724 0.02204585537918871
9 0.0992239467849224 0.6291887125220459 0.025498891352549888 0.03262786596119929
7 0.30210643015521066 0.5379188712522046 0.23835920177383593 0.26455026455026454
7 0.15022172949002216 0.5652557319223986 0.04988913525498891 0.037037037037037035
8 0.6208425720620843 0.5308641975308642 0.2017738359201774 0.16225749559082892
8 0.29711751662971175 0.5352733686067019 0.21729490022172948 0.26278659611992944
8 0.0992239467849224 0.6291887125220459 0.025498891352549888 0.03262786596119929
8 0.8248337028824834 0.44312169312169314 0.031042128603104215 0.025573192239858905
8 0.3070953436807095 0.5873015873015873 0.2328159645232816 0.1710758377425044
7 0.20343680709534367 0.36596119929453264 0.10310421286031042 0.0582010582010582
8 0.7727272727272727 0.6578483245149912 0.18403547671840353 0.14109347442680775
7 0.3070953436807095 0.5873015873015873 0.2328159645232816 0.1710758377425044
7 0.7727272727272727 0.6578483245149912 0.18403547671840353 0.14109347442680775
8 0.2710643015521064 0.4713403880070547 0.15631929046563192 0.12433862433862433
0 0.5792682926829268 0.2896825396825397 0.1008869179600887 0.08024691358024691
8 0.635809312638581 0.5352733686067019 0.21840354767184036 0.18518518518518517
8 0.30210643015521066 0.5379188712522046 0.23835920177383593 0.26455026455026454
8 0.20953436807095344 0.3655202821869489 0.09312638580931264 0.0855379188712522
8 0.21008869179600886 0.36904761904761907 0.11419068736141907 0.0837742504409171
8 0.7317073170731707 0.6450617283950617 0.09534368070953436 0.11022927689594356
8 0.20343680709534367 0.36596119929453264 0.10310421286031042 0.0582010582010582
7 0.6208425720620843 0.5308641975308642 0.2017738359201774 0.16225749559082892
8 0.6413525498891353 0.5414462081128748 0.1696230598669623 0.14814814814814814
9 0.1491130820399113 0.5692239858906526 0.043237250554323724 0.02204585537918871
8 0.779379157427938 0.6468253968253969 0.2017738359201774 0.15432098765432098
8 0.7350332594235033 0.6349206349206349 0.1130820399113082 0.1111111111111111
8 0.7954545454545454 0.6684303350970018 0.18292682926829268 0.09171075837742504
7 0.779379157427938 0.6468253968253969 0.2017738359201774 0.15432098765432098
