10 0.1913377192982456 0.6857304643261608 0.15021929824561403 0.17780294450736125
11 0.17708333333333334 0.5226500566251415 0.08662280701754387 0.4269535673839185
11 0.6694078947368421 0.1681766704416761 0.22039473684210525 0.10758776896942242
6 0.29605263157894735 0.4932049830124575 0.21929824561403508 0.34541336353340885
7 0.7817982456140351 0.571347678369196 0.16666666666666666 0.31370328425821065
11 0.7275219298245614 0.18346545866364666 0.11074561403508772 0.0928652321630804
10 0.7955043859649122 0.5792751981879954 0.11074561403508772 0.28199320498301245
4 0.31414473684210525 0.5679501698754247 0.10855263157894737 0.12797281993204984
11 0.34868421052631576 0.18346545866364666 0.20614035087719298 0.13816534541336353
4 0.26589912280701755 0.37485843714609285 0.0712719298245614 0.05889014722536806
7 0.7658991228070176 0.5600226500566251 0.10416666666666667 0.1913929784824462
7 0.2604166666666667 0.5317100792751982 0.24451754385964913 0.420158550396376
6 0.3042763157894737 0.47904869762174407 0.22916666666666666 0.3012457531143828
10 0.29331140350877194 0.4405436013590034 0.30372807017543857 0.652321630804077
3 0.5805921052631579 0.6330690826727067 0.3848684210526316 0.17214043035107587
4 0.7927631578947368 0.5758776896942243 0.10526315789473684 0.21857304643261607
3 0.5740131578947368 0.5979614949037373 0.39144736842105265 0.17214043035107587
7 0.29605263157894735 0.4932049830124575 0.21929824561403508 0.34541336353340885
4 0.7658991228070176 0.5600226500566251 0.10416666666666667 0.1913929784824462
11 0.32401315789473684 0.20951302378255945 0.26644736842105265 0.1970554926387316
6 0.2604166666666667 0.5317100792751982 0.24451754385964913 0.420158550396376
