8 0.5688311688311688 0.3340669014084507 0.03896103896103896 0.0448943661971831
7 0.6435064935064935 0.16285211267605634 0.14415584415584415 0.056338028169014086
8 0.5915584415584415 0.46170774647887325 0.032467532467532464 0.030809859154929578
2 0.5720779220779221 0.45598591549295775 0.07402597402597402 0.10915492957746478
2 0.34285714285714286 0.39172535211267606 0.033766233766233764 0.028169014084507043
8 0.4844155844155844 0.18397887323943662 0.01818181818181818 0.01232394366197183
13 0.6454545454545455 0.198943661971831 0.18961038961038962 0.09859154929577464
8 0.5662337662337662 0.4128521126760563 0.03116883116883117 0.01936619718309859
8 0.4844155844155844 0.18485915492957747 0.01818181818181818 0.014084507042253521
8 0.5902597402597403 0.460387323943662 0.032467532467532464 0.028169014084507043
9 0.4844155844155844 0.18397887323943662 0.01818181818181818 0.01232394366197183
0 0.4954545454545455 0.2746478873239437 0.16753246753246753 0.10915492957746478
2 0.5792207792207792 0.3331866197183099 0.06753246753246753 0.05017605633802817
0 0.5103896103896104 0.2962147887323944 0.13766233766233765 0.14348591549295775
8 0.5623376623376624 0.41241197183098594 0.033766233766233764 0.018485915492957746
13 0.16233766233766234 0.5308098591549296 0.05714285714285714 0.03169014084507042
8 0.6032467532467533 0.3265845070422535 0.02207792207792208 0.014084507042253521
2 0.5155844155844156 0.27024647887323944 0.03116883116883117 0.03169014084507042
8 0.5636363636363636 0.49119718309859156 0.04155844155844156 0.040492957746478875
