3 0.5933806146572104 0.498046875 0.3971631205673759 0.12890625
11 0.35224586288416077 0.12548828125 0.12056737588652482 0.0458984375
0 0.5768321513002365 0.2607421875 0.13002364066193853 0.109375
9 0.23404255319148937 0.44091796875 0.037825059101654845 0.0361328125
3 0.5886524822695035 0.501953125 0.38534278959810875 0.0859375
11 0.6879432624113475 0.13232421875 0.08037825059101655 0.0517578125
0 0.5821513002364066 0.26806640625 0.12174940898345153 0.1298828125
11 0.31619385342789597 0.13134765625 0.08865248226950355 0.0498046875
2 0.58274231678487 0.26123046875 0.05200945626477541 0.0244140625
0 0.5786052009456265 0.25244140625 0.11938534278959811 0.0830078125
