12 0.27785923753665687 0.38235294117647056 0.3181818181818182 0.34933973589435774
1 0.35410557184750735 0.18667466986794717 0.15395894428152493 0.07563025210084033
11 0.8372434017595308 0.7557022809123649 0.04985337243401759 0.07322929171668667
13 0.7023460410557185 0.21428571428571427 0.03225806451612903 0.10444177671068428
0 0.6165689149560117 0.3187274909963986 0.12756598240469208 0.1332533013205282
11 0.6011730205278593 0.1674669867947179 0.07624633431085044 0.06842737094837935
11 0.35410557184750735 0.18667466986794717 0.15395894428152493 0.07563025210084033
3 0.592375366568915 0.6824729891956782 0.4897360703812317 0.1452581032412965
3 0.592375366568915 0.6548619447779112 0.47214076246334313 0.1644657863145258
10 0.1217008797653959 0.741296518607443 0.08797653958944282 0.09003601440576231
13 0.3497067448680352 0.2743097238895558 0.15395894428152493 0.16926770708283315
8 0.8115835777126099 0.6818727490996399 0.036656891495601175 0.03601440576230492
0 0.5997067448680352 0.32533013205282113 0.1495601173020528 0.14645858343337334
0 0.6143695014662757 0.29891956782713086 0.12023460410557185 0.10084033613445378
11 0.1217008797653959 0.741296518607443 0.08797653958944282 0.09003601440576231
1 0.3497067448680352 0.2743097238895558 0.15395894428152493 0.16926770708283315
11 0.3152492668621701 0.20048019207683074 0.12023460410557185 0.057623049219687875
13 0.35410557184750735 0.2334933973589436 0.0718475073313783 0.05402160864345738
13 0.3247800586510264 0.3241296518607443 0.20967741935483872 0.24969987995198079
9 0.6656891495601173 0.9381752701080432 0.15835777126099707 0.11164465786314526
