0 0.5902466367713004 0.40108695652173915 0.15134529147982062 0.17391304347826086
11 0.07679372197309417 0.7472826086956522 0.03699551569506727 0.09456521739130434
10 0.07679372197309417 0.7472826086956522 0.03699551569506727 0.09456521739130434
3 0.5667040358744395 0.7108695652173913 0.44730941704035876 0.09782608695652174
9 0.19786995515695066 0.6983695652173914 0.15807174887892378 0.075
3 0.5650224215246636 0.6972826086956522 0.4439461883408072 0.12717391304347825
11 0.8536995515695067 0.6967391304347826 0.034753363228699555 0.09782608695652174
0 0.5840807174887892 0.41358695652173916 0.15695067264573992 0.2141304347826087
3 0.5650224215246636 0.7288043478260869 0.4484304932735426 0.12065217391304348
0 0.600896860986547 0.3858695652173913 0.13228699551569506 0.15217391304347827
