8 0.7839285714285714 0.2775073028237585 0.017857142857142856 0.021421616358325218
4 0.15714285714285714 0.6587147030185004 0.21666666666666667 0.19961051606621227
4 0.18928571428571428 0.6265822784810127 0.1880952380952381 0.10223953261927946
7 0.15714285714285714 0.6587147030185004 0.21666666666666667 0.19961051606621227
8 0.7821428571428571 0.27702044790652386 0.023809523809523808 0.02044790652385589
9 0.9297619047619048 0.2400194741966894 0.1 0.08860759493670886
7 0.1494047619047619 0.5988315481986368 0.09404761904761905 0.05647517039922103
7 0.2154761904761905 0.6407010710808179 0.08095238095238096 0.05842259006815969
9 0.7839285714285714 0.2775073028237585 0.017857142857142856 0.021421616358325218
2 0.7839285714285714 0.27848101265822783 0.025 0.019474196689386564
