13 0.2505813953488372 0.28050108932461876 0.07325581395348837 0.09477124183006536
6 0.7424418604651163 0.35294117647058826 0.2616279069767442 0.5337690631808278
11 0.29534883720930233 0.0724400871459695 0.1930232558139535 0.05991285403050109
13 0.7587209302325582 0.47657952069716775 0.31511627906976747 0.7069716775599129
13 0.7424418604651163 0.35294117647058826 0.2616279069767442 0.5337690631808278
0 0.5715116279069767 0.23965141612200436 0.11976744186046512 0.1111111111111111
7 0.6023255813953489 0.33387799564270154 0.08372093023255814 0.09694989106753812
11 0.6395348837209303 0.10403050108932461 0.23953488372093024 0.11002178649237472
11 0.6511627906976745 0.11982570806100218 0.30465116279069765 0.12854030501089325
6 0.7726744186046511 0.5092592592592593 0.35930232558139535 0.7222222222222222
6 0.8482558139534884 0.7483660130718954 0.1686046511627907 0.19389978213507625
8 0.6023255813953489 0.33387799564270154 0.08372093023255814 0.09694989106753812
6 0.7587209302325582 0.47657952069716775 0.31511627906976747 0.7069716775599129
0 0.561046511627907 0.2429193899782135 0.11046511627906977 0.12418300653594772
6 0.24593023255813953 0.27124183006535946 0.09651162790697675 0.10239651416122005
1 0.6488372093023256 0.10130718954248366 0.3627906976744186 0.14814814814814814
4 0.7424418604651163 0.35294117647058826 0.2616279069767442 0.5337690631808278
13 0.24709302325581395 0.2788671023965142 0.1058139534883721 0.09368191721132897
