2 0.116600790513834 0.7964285714285714 0.022397891963109356 0.07244897959183673
2 0.116600790513834 0.7908163265306123 0.03820816864295125 0.08163265306122448
11 0.14953886693017127 0.7994897959183673 0.13570487483530963 0.19489795918367347
11 0.10737812911725955 0.7852040816326531 0.06982872200263504 0.22346938775510203
9 0.8774703557312253 0.6270408163265306 0.05006587615283267 0.14795918367346939
7 0.37812911725955206 0.21224489795918366 0.08695652173913043 0.1326530612244898
11 0.8774703557312253 0.6270408163265306 0.05006587615283267 0.14795918367346939
13 0.13899868247694336 0.47653061224489796 0.09090909090909091 0.02857142857142857
11 0.11067193675889328 0.8372448979591837 0.06851119894598155 0.07857142857142857
9 0.37812911725955206 0.21224489795918366 0.08695652173913043 0.1326530612244898
