7 0.7161458333333334 0.39114583333333336 0.2734375 0.33229166666666665
7 0.6979166666666666 0.5833333333333334 0.07291666666666667 0.07291666666666667
7 0.6998697916666666 0.421875 0.30078125 0.4041666666666667
3 0.615234375 0.7083333333333334 0.4700520833333333 0.1625
7 0.6731770833333334 0.29791666666666666 0.24739583333333334 0.13958333333333334
3 0.599609375 0.7338541666666667 0.4283854166666667 0.17604166666666668
10 0.8177083333333334 0.7354166666666667 0.12760416666666666 0.13541666666666666
13 0.7180989583333334 0.3609375 0.19921875 0.065625
10 0.8470052083333334 0.7369791666666666 0.061197916666666664 0.115625
13 0.7161458333333334 0.39114583333333336 0.2734375 0.33229166666666665
9 0.669921875 0.29739583333333336 0.21223958333333334 0.15520833333333334
9 0.22200520833333334 0.7989583333333333 0.13932291666666666 0.05416666666666667
7 0.7473958333333334 0.47760416666666666 0.24739583333333334 0.246875
4 0.7161458333333334 0.39114583333333336 0.2734375 0.33229166666666665
11 0.8470052083333334 0.7369791666666666 0.061197916666666664 0.115625
8 0.6979166666666666 0.5833333333333334 0.07291666666666667 0.07291666666666667
6 0.7161458333333334 0.39114583333333336 0.2734375 0.33229166666666665
9 0.22981770833333334 0.8427083333333333 0.39453125 0.1375
