0 0.5397135416666666 0.36302083333333335 0.10807291666666667 0.103125
4 0.2975260416666667 0.5421875 0.16536458333333334 0.196875
13 0.2942708333333333 0.33489583333333334 0.16666666666666666 0.121875
0 0.537109375 0.35260416666666666 0.11588541666666667 0.090625
11 0.2942708333333333 0.25104166666666666 0.2265625 0.09583333333333334
7 0.3092447916666667 0.5395833333333333 0.13932291666666666 0.1625
13 0.6451822916666666 0.23958333333333334 0.09244791666666667 0.03125
13 0.2936197916666667 0.3338541666666667 0.16796875 0.14479166666666668
4 0.3001302083333333 0.5015625 0.14192708333333334 0.234375
13 0.7610677083333334 0.36614583333333334 0.19140625 0.057291666666666664
11 0.6380208333333334 0.23802083333333332 0.12760416666666666 0.023958333333333335
8 0.3092447916666667 0.5395833333333333 0.13932291666666666 0.1625
8 0.3001302083333333 0.5015625 0.14192708333333334 0.234375
0 0.5384114583333334 0.3614583333333333 0.11067708333333333 0.10833333333333334
11 0.2747395833333333 0.24791666666666667 0.1796875 0.11041666666666666
13 0.3001302083333333 0.303125 0.23828125 0.17916666666666667
