11 0.15628140703517587 0.7873376623376623 0.06733668341708543 0.07034632034632035
11 0.1658291457286432 0.7564935064935064 0.05025125628140704 0.09090909090909091
13 0.3331658291457286 0.283008658008658 0.19798994974874373 0.2261904761904762
10 0.15628140703517587 0.7873376623376623 0.06733668341708543 0.07034632034632035
13 0.7180904522613065 0.3787878787878788 0.18592964824120603 0.3658008658008658
13 0.33768844221105526 0.22673160173160173 0.2050251256281407 0.17424242424242425
3 0.5688442211055277 0.7180735930735931 0.3698492462311558 0.12878787878787878
7 0.7542713567839195 0.48647186147186144 0.061306532663316586 0.08333333333333333
13 0.2804020100502513 0.22997835497835498 0.020100502512562814 0.022727272727272728
13 0.2698492462311558 0.5173160173160173 0.02512562814070352 0.05411255411255411
11 0.8839195979899498 0.8555194805194806 0.02914572864321608 0.046536796536796536
10 0.1623115577889447 0.7662337662337663 0.05728643216080402 0.09740259740259741
0 0.585427135678392 0.2895021645021645 0.10954773869346733 0.12878787878787878
8 0.2804020100502513 0.22997835497835498 0.020100502512562814 0.022727272727272728
13 0.35477386934673366 0.237012987012987 0.11256281407035176 0.16017316017316016
11 0.3170854271356784 0.15800865800865802 0.1457286432160804 0.06277056277056277
7 0.6894472361809045 0.30573593073593075 0.06834170854271357 0.18073593073593072
13 0.25728643216080405 0.2922077922077922 0.03015075376884422 0.030303030303030304
11 0.1623115577889447 0.7662337662337663 0.05728643216080402 0.09740259740259741
13 0.7125628140703517 0.37554112554112556 0.1849246231155779 0.3333333333333333
8 0.25728643216080405 0.2922077922077922 0.03015075376884422 0.030303030303030304
