13 0.3670212765957447 0.1845703125 0.1359338061465721 0.13671875
6 0.3670212765957447 0.1845703125 0.1359338061465721 0.13671875
10 0.8847517730496454 0.74560546875 0.027186761229314422 0.0810546875
10 0.13416075650118203 0.734375 0.057919621749408984 0.076171875
13 0.7216312056737588 0.17626953125 0.0933806146572104 0.0849609375
11 0.3806146572104019 0.154296875 0.11347517730496454 0.029296875
13 0.3747044917257683 0.185546875 0.14893617021276595 0.11328125
11 0.8847517730496454 0.74560546875 0.027186761229314422 0.0810546875
11 0.13416075650118203 0.734375 0.057919621749408984 0.076171875
13 0.7287234042553191 0.15966796875 0.10047281323877069 0.0810546875
11 0.7287234042553191 0.15966796875 0.10047281323877069 0.0810546875
