13 0.5522041763341067 0.30366726296958857 0.03248259860788863 0.03130590339892665
13 0.37645011600928074 0.19320214669051877 0.022041763341067284 0.023255813953488372
8 0.24477958236658934 0.27325581395348836 0.037122969837587005 0.0259391771019678
10 0.11658932714617169 0.7361359570661896 0.031322505800464036 0.04830053667262969
8 0.24361948955916474 0.27280858676207514 0.03248259860788863 0.023255813953488372
8 0.7778422273781903 0.6086762075134168 0.04060324825986079 0.03130590339892665
8 0.21461716937354988 0.6194096601073346 0.03480278422273782 0.0259391771019678
11 0.11658932714617169 0.7361359570661896 0.031322505800464036 0.04830053667262969
11 0.33120649651972156 0.1520572450805009 0.14733178654292342 0.02146690518783542
8 0.679814385150812 0.26699463327370304 0.027842227378190254 0.027728085867620753
8 0.24361948955916474 0.27325581395348836 0.03248259860788863 0.022361359570661897
