6 0.29890219560878245 0.24148606811145512 0.05089820359281437 0.06191950464396285
7 0.2779441117764471 0.6031991744066048 0.1626746506986028 0.05263157894736842
11 0.7135728542914171 0.6898864809081527 0.059880239520958084 0.05675954592363261
10 0.2959081836327345 0.6769865841073271 0.2944111776447106 0.2002063983488132
7 0.25998003992015967 0.3570691434468524 0.1027944111776447 0.047471620227038186
10 0.26696606786427146 0.6589267285861713 0.22654690618762474 0.24251805985552116
9 0.4416167664670659 0.2884416924664603 0.03493013972055888 0.13725490196078433
6 0.32335329341317365 0.2884416924664603 0.22355289421157684 0.17027863777089783
3 0.5134730538922155 0.6718266253869969 0.36227544910179643 0.13828689370485037
11 0.2879241516966068 0.195562435500516 0.06487025948103792 0.04024767801857585
7 0.6866267465069861 0.3544891640866873 0.11976047904191617 0.07946336429308566
13 0.6866267465069861 0.3544891640866873 0.11976047904191617 0.07946336429308566
13 0.25998003992015967 0.3570691434468524 0.1027944111776447 0.047471620227038186
7 0.29890219560878245 0.24148606811145512 0.05089820359281437 0.06191950464396285
10 0.280938123752495 0.6584107327141383 0.2465069860279441 0.23116615067079463
6 0.7315369261477046 0.3018575851393189 0.0998003992015968 0.08359133126934984
