7 0.4557291666666667 0.25625 0.0859375 0.13125
9 0.5071614583333334 0.28958333333333336 0.16015625 0.4166666666666667
3 0.603515625 0.4140625 0.41796875 0.078125
13 0.3821614583333333 0.1453125 0.10546875 0.078125
3 0.5989583333333334 0.4192708333333333 0.4375 0.12604166666666666
0 0.6393229166666666 0.203125 0.0859375 0.0625
9 0.3821614583333333 0.1453125 0.10546875 0.078125
9 0.4557291666666667 0.25625 0.0859375 0.13125
0 0.6282552083333334 0.21197916666666666 0.10807291666666667 0.07604166666666666
6 0.3821614583333333 0.1453125 0.10546875 0.078125
3 0.6015625 0.428125 0.4192708333333333 0.10208333333333333
