8 0.6873522458628841 0.302734375 0.14066193853427897 0.125
9 0.8634751773049646 0.59814453125 0.03900709219858156 0.0419921875
10 0.18557919621749408 0.7080078125 0.04728132387706856 0.060546875
0 0.6187943262411347 0.24072265625 0.1359338061465721 0.1083984375
11 0.8977541371158393 0.7060546875 0.03900709219858156 0.0703125
9 0.8351063829787234 0.50244140625 0.05555555555555555 0.0478515625
10 0.8977541371158393 0.7060546875 0.03900709219858156 0.0703125
11 0.9013002364066194 0.69189453125 0.02955082742316785 0.0693359375
9 0.9213947990543735 0.78857421875 0.024822695035460994 0.0341796875
9 0.9202127659574468 0.71875 0.02009456264775414 0.025390625
0 0.6134751773049646 0.2451171875 0.13711583924349882 0.111328125
11 0.39952718676122934 0.0869140625 0.20567375886524822 0.0703125
13 0.3693853427895981 0.15869140625 0.21631205673758866 0.0400390625
9 0.8995271867612293 0.71435546875 0.018912529550827423 0.0244140625
8 0.6743498817966903 0.31005859375 0.17375886524822695 0.1337890625
9 0.8410165484633569 0.38232421875 0.06501182033096926 0.0517578125
7 0.6873522458628841 0.302734375 0.14066193853427897 0.125
9 0.8037825059101655 0.3125 0.0425531914893617 0.048828125
9 0.8043735224586288 0.30908203125 0.0508274231678487 0.0439453125
9 0.2789598108747045 0.5029296875 0.028368794326241134 0.05078125
8 0.7074468085106383 0.2958984375 0.09810874704491726 0.099609375
11 0.18557919621749408 0.7080078125 0.04728132387706856 0.060546875
11 0.7015366430260047 0.07275390625 0.1288416075650118 0.0166015625
9 0.9101654846335697 0.8681640625 0.03309692671394799 0.048828125
