10 0.17919921875 0.75634765625 0.0302734375 0.0673828125
13 0.78759765625 0.744140625 0.0654296875 0.068359375
6 0.3193359375 0.181640625 0.12890625 0.0859375
11 0.373046875 0.107421875 0.16015625 0.048828125
8 0.35693359375 0.37548828125 0.1494140625 0.1533203125
7 0.3291015625 0.56396484375 0.091796875 0.0888671875
11 0.17919921875 0.75634765625 0.0302734375 0.0673828125
8 0.3662109375 0.375 0.173828125 0.162109375
4 0.36083984375 0.37353515625 0.1435546875 0.1572265625
8 0.36083984375 0.37353515625 0.1435546875 0.1572265625
11 0.67578125 0.11962890625 0.107421875 0.0556640625
7 0.79638671875 0.76220703125 0.0673828125 0.0478515625
4 0.3662109375 0.375 0.173828125 0.162109375
7 0.35693359375 0.37548828125 0.1494140625 0.1533203125
13 0.31591796875 0.1689453125 0.1083984375 0.08203125
7 0.3193359375 0.181640625 0.12890625 0.0859375
11 0.267578125 0.18994140625 0.076171875 0.1103515625
