2 0.8151558073654391 0.7317927170868347 0.09773371104815864 0.1330532212885154
13 0.8250708215297451 0.7163865546218487 0.08923512747875353 0.18067226890756302
2 0.7280453257790368 0.41386554621848737 0.24645892351274787 0.26750700280112044
13 0.7379603399433428 0.3942577030812325 0.22662889518413598 0.28431372549019607
2 0.3031161473087819 0.29061624649859946 0.22662889518413598 0.25630252100840334
2 0.3024079320113314 0.29481792717086835 0.2790368271954674 0.29831932773109243
2 0.7379603399433428 0.3942577030812325 0.22662889518413598 0.28431372549019607
8 0.7606232294617564 0.4257703081232493 0.1954674220963173 0.29971988795518206
13 0.301699716713881 0.27941176470588236 0.2719546742209632 0.27871148459383754
13 0.7280453257790368 0.41386554621848737 0.24645892351274787 0.26750700280112044
2 0.8250708215297451 0.7163865546218487 0.08923512747875353 0.18067226890756302
13 0.3024079320113314 0.29481792717086835 0.2790368271954674 0.29831932773109243
2 0.301699716713881 0.27941176470588236 0.2719546742209632 0.27871148459383754
13 0.3031161473087819 0.29061624649859946 0.22662889518413598 0.25630252100840334
2 0.7754957507082153 0.3739495798319328 0.07223796033994334 0.03361344537815126
13 0.7606232294617564 0.4257703081232493 0.1954674220963173 0.29971988795518206
