11 0.2275390625 0.51806640625 0.103515625 0.0654296875
13 0.34521484375 0.453125 0.0966796875 0.111328125
11 0.20263671875 0.52197265625 0.0771484375 0.0791015625
6 0.30908203125 0.32568359375 0.1591796875 0.0751953125
13 0.3046875 0.3232421875 0.16796875 0.07421875
13 0.30908203125 0.32568359375 0.1591796875 0.0751953125
13 0.6982421875 0.36865234375 0.083984375 0.0419921875
10 0.20263671875 0.52197265625 0.0771484375 0.0791015625
11 0.18896484375 0.515625 0.0673828125 0.072265625
13 0.697265625 0.369140625 0.080078125 0.025390625
10 0.18896484375 0.515625 0.0673828125 0.072265625
0 0.54833984375 0.28173828125 0.0947265625 0.1435546875
10 0.2275390625 0.51806640625 0.103515625 0.0654296875
13 0.3046875 0.32666015625 0.154296875 0.0439453125
7 0.7021484375 0.36962890625 0.076171875 0.0224609375
