11 0.8704427083333334 0.7932291666666667 0.05078125 0.057291666666666664
0 0.5305989583333334 0.3015625 0.10807291666666667 0.096875
13 0.20963541666666666 0.615625 0.12239583333333333 0.10416666666666667
11 0.10807291666666667 0.78125 0.044270833333333336 0.0625
11 0.119140625 0.7494791666666667 0.07942708333333333 0.08229166666666667
10 0.8619791666666666 0.7828125 0.033854166666666664 0.057291666666666664
13 0.6822916666666666 0.47604166666666664 0.0625 0.0375
11 0.1015625 0.7635416666666667 0.041666666666666664 0.05625
11 0.8619791666666666 0.7828125 0.033854166666666664 0.057291666666666664
13 0.6608072916666666 0.3703125 0.15234375 0.12604166666666666
11 0.8639322916666666 0.7927083333333333 0.037760416666666664 0.04791666666666667
11 0.3111979166666667 0.1109375 0.10416666666666667 0.03854166666666667
10 0.1015625 0.7635416666666667 0.041666666666666664 0.05625
