3 0.5285935085007728 0.49863201094391246 0.4605873261205564 0.12722298221614228
9 0.34312210200927357 0.4829001367989056 0.080370942812983 0.14227086183310533
9 0.18547140649149924 0.08618331053351573 0.24420401854714066 0.17236662106703146
9 0.6746522411128284 0.057455540355677154 0.15919629057187018 0.11491108071135431
9 0.2743431221020093 0.08549931600547196 0.28593508500772796 0.16826265389876882
9 0.3678516228748068 0.5601915184678523 0.17001545595054096 0.03967168262653899
9 0.20324574961360123 0.08481532147742818 0.20247295208655333 0.16963064295485636
9 0.5409582689335394 0.5622435020519836 0.42967542503863987 0.05198358413132695
9 0.634466769706337 0.06087551299589603 0.2704791344667697 0.10533515731874145
9 0.5401854714064915 0.5683994528043775 0.4312210200927357 0.06429548563611491
3 0.526275115919629 0.5095759233926128 0.4652241112828439 0.1354309165526676
9 0.7156105100463679 0.6203830369357045 0.32457496136012365 0.09712722298221614
9 0.6561051004636785 0.06087551299589603 0.2241112828438949 0.10807113543091655
9 0.6313755795981453 0.3652530779753762 0.16846986089644514 0.15595075239398085
