4 0.1918489065606362 0.5922787193973634 0.05765407554671968 0.04519774011299435
7 0.3190854870775348 0.4138418079096045 0.3061630218687873 0.4284369114877589
7 0.31312127236580517 0.3069679849340866 0.18886679920477137 0.10357815442561205
4 0.3066600397614314 0.4110169491525424 0.2952286282306163 0.4736346516007533
4 0.3305168986083499 0.4599811676082863 0.22962226640159045 0.3097928436911488
11 0.35934393638170975 0.22080979284369115 0.1918489065606362 0.0743879472693032
13 0.23658051689860835 0.5178907721280602 0.09940357852882704 0.1337099811676083
4 0.3190854870775348 0.4138418079096045 0.3061630218687873 0.4284369114877589
0 0.544234592445328 0.3855932203389831 0.10238568588469185 0.1327683615819209
7 0.3066600397614314 0.4110169491525424 0.2952286282306163 0.4736346516007533
