13 0.3191244239631336 0.2904608788853162 0.25806451612903225 0.31939978563772775
11 0.8525345622119815 0.9319399785637728 0.059907834101382486 0.05680600214362272
10 0.8525345622119815 0.9319399785637728 0.059907834101382486 0.05680600214362272
6 0.7125576036866359 0.4046087888531618 0.25 0.48981779206859594
10 0.12730414746543778 0.897642015005359 0.08410138248847926 0.09539121114683816
5 0.32085253456221197 0.2609860664523044 0.24308755760368664 0.2304394426580922
6 0.7102534562211982 0.4217577706323687 0.2684331797235023 0.4512325830653805
10 0.11117511520737328 0.8778135048231511 0.04953917050691244 0.04287245444801715
6 0.32085253456221197 0.2609860664523044 0.24308755760368664 0.2304394426580922
11 0.11117511520737328 0.8778135048231511 0.04953917050691244 0.04287245444801715
13 0.3076036866359447 0.34726688102893893 0.2119815668202765 0.3365487674169346
11 0.2661290322580645 0.2315112540192926 0.09907834101382489 0.10289389067524116
6 0.7344470046082949 0.4137191854233655 0.2868663594470046 0.4887459807073955
5 0.7102534562211982 0.4217577706323687 0.2684331797235023 0.4512325830653805
6 0.3076036866359447 0.34726688102893893 0.2119815668202765 0.3365487674169346
6 0.3191244239631336 0.2904608788853162 0.25806451612903225 0.31939978563772775
13 0.7344470046082949 0.4137191854233655 0.2868663594470046 0.4887459807073955
7 0.7344470046082949 0.4137191854233655 0.2868663594470046 0.4887459807073955
13 0.7125576036866359 0.4046087888531618 0.25 0.48981779206859594
11 0.12730414746543778 0.897642015005359 0.08410138248847926 0.09539121114683816
11 0.10829493087557604 0.890139335476956 0.03686635944700461 0.031082529474812434
