13 0.25798146240988673 0.5080482897384306 0.09989701338825953 0.02414486921529175
0 0.5478887744593203 0.32696177062374243 0.13182286302780638 0.12877263581488935
3 0.5576725025746653 0.5306841046277666 0.36560247167868176 0.0875251509054326
13 0.7672502574665293 0.5372233400402414 0.057672502574665295 0.012072434607645875
13 0.2451081359423275 0.506036217303823 0.11534500514933059 0.030181086519114688
13 0.7605561277033985 0.5352112676056338 0.07929969104016478 0.030181086519114688
0 0.5540679711637487 0.3204225352112676 0.10710607621009269 0.11368209255533199
13 0.2548918640576725 0.5065392354124748 0.10813594232749743 0.025150905432595575
3 0.5561277033985582 0.5251509054325956 0.35633367662203913 0.1006036217303823
0 0.5617919670442842 0.33400402414486924 0.101956745623069 0.14285714285714285
