7 0.27570621468926554 0.3925855513307985 0.2305084745762712 0.30798479087452474
7 0.3112994350282486 0.4505703422053232 0.27005649717514124 0.38593155893536124
4 0.29774011299435027 0.3987642585551331 0.17966101694915254 0.19866920152091255
10 0.23389830508474577 0.5831749049429658 0.3073446327683616 0.2652091254752852
10 0.25649717514124293 0.5484790874524715 0.35480225988700564 0.3231939163498099
7 0.29774011299435027 0.3987642585551331 0.17966101694915254 0.19866920152091255
0 0.6050847457627119 0.314638783269962 0.12768361581920903 0.10076045627376426
10 0.22655367231638418 0.5584600760456274 0.24067796610169492 0.19296577946768062
0 0.6073446327683616 0.3046577946768061 0.11186440677966102 0.08840304182509506
7 0.28192090395480224 0.5484790874524715 0.2248587570621469 0.060836501901140684
