11 0.12192622950819672 0.7775757575757576 0.06352459016393443 0.18787878787878787
13 0.2525614754098361 0.7666666666666667 0.21004098360655737 0.08363636363636363
10 0.13165983606557377 0.7824242424242425 0.13012295081967212 0.2872727272727273
3 0.5630122950819673 0.7696969696969697 0.3944672131147541 0.15272727272727274
10 0.12192622950819672 0.7775757575757576 0.06352459016393443 0.18787878787878787
7 0.2551229508196721 0.7666666666666667 0.1885245901639344 0.08848484848484849
0 0.5414959016393442 0.45454545454545453 0.11782786885245902 0.1406060606060606
10 0.23668032786885246 0.7890909090909091 0.2889344262295082 0.18666666666666668
7 0.2464139344262295 0.7703030303030303 0.20799180327868852 0.09818181818181818
6 0.2525614754098361 0.7666666666666667 0.21004098360655737 0.08363636363636363
