13 0.20747800586510265 0.3043217286914766 0.024926686217008796 0.061224489795918366
0 0.5608504398826979 0.3415366146458583 0.11290322580645161 0.11644657863145258
0 0.5696480938416423 0.36434573829531813 0.09824046920821114 0.18127250900360145
11 0.250733137829912 0.1914765906362545 0.12023460410557185 0.1212484993997599
13 0.39296187683284456 0.3289315726290516 0.05278592375366569 0.08643457382953182
11 0.23900293255131966 0.20108043217286914 0.0967741935483871 0.09483793517406963
7 0.20674486803519063 0.3007202881152461 0.01466275659824047 0.058823529411764705
3 0.5615835777126099 0.6458583433373349 0.4046920821114369 0.15126050420168066
0 0.5586510263929618 0.3349339735894358 0.11730205278592376 0.10804321728691477
13 0.2060117302052786 0.29891956782713086 0.01906158357771261 0.060024009603841535
