9 0.20377604166666666 0.3385416666666667 0.37109375 0.3333333333333333
9 0.65234375 0.07916666666666666 0.296875 0.15833333333333333
9 0.623046875 0.0671875 0.21223958333333334 0.134375
7 0.33984375 0.18697916666666667 0.14583333333333334 0.09895833333333333
9 0.3092447916666667 0.06979166666666667 0.17578125 0.125
9 0.17513020833333334 0.32135416666666666 0.3372395833333333 0.18854166666666666
8 0.3723958333333333 0.31666666666666665 0.08072916666666667 0.07291666666666667
0 0.5299479166666666 0.259375 0.11458333333333333 0.10416666666666667
9 0.08138020833333333 0.5411458333333333 0.16276041666666666 0.553125
9 0.291015625 0.07604166666666666 0.19140625 0.13125
7 0.30078125 0.20833333333333334 0.07552083333333333 0.052083333333333336
9 0.7513020833333334 0.38958333333333334 0.21875 0.225
3 0.548828125 0.4661458333333333 0.3841145833333333 0.090625
9 0.5026041666666666 0.071875 0.4557291666666667 0.12291666666666666
9 0.712890625 0.34322916666666664 0.23046875 0.090625
9 0.115234375 0.690625 0.10807291666666667 0.37083333333333335
0 0.52734375 0.2708333333333333 0.11197916666666667 0.12083333333333333
8 0.7180989583333334 0.3703125 0.016927083333333332 0.011458333333333333
11 0.2513020833333333 0.2359375 0.20572916666666666 0.25104166666666666
9 0.11653645833333333 0.6385416666666667 0.10286458333333333 0.36875
