5 0.3302702702702703 0.48433179723502306 0.2627027027027027 0.4967741935483871
11 0.6637837837837838 0.18294930875576038 0.0972972972972973 0.035944700460829496
2 0.632972972972973 0.37142857142857144 0.03351351351351351 0.035023041474654376
13 0.7356756756756757 0.5156682027649769 0.2281081081081081 0.5852534562211982
9 0.28864864864864864 0.7589861751152074 0.20324324324324325 0.1152073732718894
5 0.7356756756756757 0.5156682027649769 0.2281081081081081 0.5852534562211982
11 0.42324324324324325 0.15023041474654378 0.0681081081081081 0.022119815668202765
5 0.7621621621621621 0.5741935483870968 0.14054054054054055 0.21935483870967742
0 0.5945945945945946 0.356221198156682 0.11675675675675676 0.10967741935483871
13 0.3302702702702703 0.48433179723502306 0.2627027027027027 0.4967741935483871
7 0.7432432432432432 0.5566820276497696 0.17621621621621622 0.16589861751152074
