13 0.3282097649186257 0.45774647887323944 0.09764918625678119 0.11091549295774648
13 0.7319168173598554 0.28741197183098594 0.1112115732368897 0.1329225352112676
11 0.8264014466546112 0.301056338028169 0.03616636528028933 0.04753521126760563
2 0.3282097649186257 0.45774647887323944 0.09764918625678119 0.11091549295774648
11 0.8264014466546112 0.2966549295774648 0.02531645569620253 0.04929577464788732
2 0.31374321880650996 0.43617957746478875 0.06329113924050633 0.07130281690140845
11 0.6830922242314648 0.17077464788732394 0.09132007233273057 0.03169014084507042
13 0.7188065099457505 0.32922535211267606 0.10669077757685352 0.25
13 0.3964737793851718 0.3102992957746479 0.06419529837251356 0.09595070422535211
13 0.3227848101265823 0.4595070422535211 0.11030741410488246 0.11619718309859155
13 0.31374321880650996 0.43617957746478875 0.06329113924050633 0.07130281690140845
13 0.7581374321880651 0.34375 0.1654611211573237 0.21919014084507044
