0 0.5631067961165048 0.34226491405460063 0.14320388349514562 0.134479271991911
3 0.558252427184466 0.5364004044489383 0.4538834951456311 0.14256825075834176
3 0.5661407766990292 0.5581395348837209 0.47694174757281554 0.10111223458038422
3 0.5588592233009708 0.5844287158746209 0.4817961165048544 0.12942366026289182
0 0.5794902912621359 0.33367037411526795 0.11529126213592233 0.11122345803842265
13 0.20449029126213591 0.4828109201213347 0.12014563106796117 0.023255813953488372
13 0.21359223300970873 0.4883720930232558 0.13349514563106796 0.024266936299292215
0 0.5618932038834952 0.33822042467138524 0.15776699029126215 0.1263902932254803
5 0.23907766990291263 0.3902932254802831 0.29854368932038833 0.38422649140546006
13 0.2196601941747573 0.48483316481294236 0.1529126213592233 0.025278058645096056
