11 0.2382716049382716 0.15141242937853108 0.24691358024691357 0.07005649717514124
11 0.24382716049382716 0.7242937853107345 0.38641975308641974 0.10621468926553672
6 0.2851851851851852 0.2672316384180791 0.254320987654321 0.3129943502824859
9 0.13271604938271606 0.5288135593220339 0.17160493827160495 0.14915254237288136
13 0.2506172839506173 0.2497175141242938 0.26666666666666666 0.27570621468926554
13 0.2506172839506173 0.6288135593220339 0.04938271604938271 0.16610169491525423
9 0.2506172839506173 0.2497175141242938 0.26666666666666666 0.27570621468926554
7 0.2851851851851852 0.2672316384180791 0.254320987654321 0.3129943502824859
13 0.2851851851851852 0.2672316384180791 0.254320987654321 0.3129943502824859
11 0.29074074074074074 0.1096045197740113 0.2777777777777778 0.14915254237288136
13 0.24012345679012345 0.23615819209039549 0.3493827160493827 0.43163841807909603
