9 0.5448369565217391 0.3091517857142857 0.09782608695652174 0.16964285714285715
0 0.6413043478260869 0.3392857142857143 0.08967391304347826 0.09598214285714286
0 0.6283967391304348 0.35044642857142855 0.12635869565217392 0.13169642857142858
7 0.4633152173913043 0.3002232142857143 0.07065217391304347 0.20982142857142858
7 0.45991847826086957 0.2974330357142857 0.11277173913043478 0.22433035714285715
3 0.625 0.5680803571428571 0.39945652173913043 0.08035714285714286
3 0.6229619565217391 0.5708705357142857 0.4171195652173913 0.09486607142857142
8 0.36616847826086957 0.2572544642857143 0.014945652173913044 0.012276785714285714
9 0.5577445652173914 0.27455357142857145 0.08831521739130435 0.16964285714285715
0 0.6297554347826086 0.32421875 0.13179347826086957 0.08370535714285714
3 0.6175271739130435 0.5558035714285714 0.40625 0.11160714285714286
