13 0.2690615835777126 0.2917166866746699 0.08064516129032258 0.055222088835534214
13 0.4010263929618768 0.2424969987995198 0.051319648093841645 0.060024009603841535
11 0.0718475073313783 0.851140456182473 0.02932551319648094 0.03841536614645858
10 0.0718475073313783 0.851140456182473 0.02932551319648094 0.03841536614645858
11 0.3321114369501466 0.20468187274909963 0.08651026392961877 0.030012004801920768
9 0.7294721407624634 0.3205282112845138 0.04252199413489736 0.024009603841536616
13 0.7338709677419355 0.31032412965186074 0.04252199413489736 0.03481392557022809
13 0.2697947214076246 0.29411764705882354 0.07624633431085044 0.04081632653061224
13 0.7294721407624634 0.3205282112845138 0.04252199413489736 0.024009603841536616
0 0.5476539589442815 0.34933973589435774 0.09530791788856305 0.09603841536614646
