10 0.9310850439882697 0.8787515006002401 0.08504398826979472 0.08883553421368548
0 0.5630498533724341 0.3679471788715486 0.10557184750733138 0.08763505402160865
11 0.9230205278592375 0.8823529411764706 0.0689149560117302 0.07202881152460984
11 0.06964809384164222 0.8709483793517407 0.0747800586510264 0.06362545018007203
11 0.9310850439882697 0.8787515006002401 0.08504398826979472 0.08883553421368548
11 0.05791788856304985 0.8805522208883554 0.06598240469208211 0.06602641056422569
10 0.9230205278592375 0.8823529411764706 0.0689149560117302 0.07202881152460984
10 0.06085043988269795 0.8865546218487395 0.08357771260997067 0.07563025210084033
11 0.9215542521994134 0.8739495798319328 0.0689149560117302 0.057623049219687875
11 0.06085043988269795 0.8865546218487395 0.08357771260997067 0.07563025210084033
10 0.05791788856304985 0.8805522208883554 0.06598240469208211 0.06602641056422569
0 0.5579178885630498 0.3667466986794718 0.12463343108504399 0.09723889555822329
