13 0.23641304347826086 0.32215073529411764 0.2554347826086957 0.25275735294117646
1 0.2722826086956522 0.15395220588235295 0.2358695652173913 0.10386029411764706
11 0.2875 0.16222426470588236 0.22717391304347825 0.09099264705882353
13 0.633695652173913 0.1875 0.12608695652173912 0.10477941176470588
13 0.24945652173913044 0.31433823529411764 0.24021739130434783 0.23713235294117646
11 0.6668478260869565 0.11856617647058823 0.15108695652173912 0.05698529411764706
11 0.6516304347826087 0.11902573529411764 0.12282608695652174 0.046875
11 0.2717391304347826 0.6911764705882353 0.05 0.04044117647058824
13 0.654891304347826 0.16498161764705882 0.08586956521739131 0.06525735294117647
11 0.2728260869565217 0.16590073529411764 0.23695652173913043 0.09650735294117647
13 0.25706521739130433 0.3740808823529412 0.275 0.3547794117647059
9 0.4141304347826087 0.23207720588235295 0.1108695652173913 0.22150735294117646
11 0.6663043478260869 0.1171875 0.2391304347826087 0.08547794117647059
