8 0.7078163771712159 0.24059293044469784 0.043424317617866005 0.05017103762827822
8 0.8784119106699751 0.33409350057012543 0.05459057071960298 0.027366020524515394
8 0.3746898263027295 0.5974914481185861 0.22084367245657568 0.28278221208665905
8 0.8771712158808933 0.3329532497149373 0.04714640198511166 0.03876852907639681
8 0.3964019851116625 0.6031927023945268 0.2518610421836228 0.27366020524515394
7 0.8796526054590571 0.3352337514253136 0.04962779156327544 0.029646522234891677
9 0.8449131513647643 0.2291904218928164 0.08436724565756824 0.07297605473204105
8 0.8796526054590571 0.3352337514253136 0.04962779156327544 0.029646522234891677
8 0.8461538461538461 0.22576966932725198 0.06947890818858561 0.07753705815279362
8 0.7102977667493796 0.23660205245153934 0.05334987593052109 0.053591790193842644
7 0.8486352357320099 0.21151653363740022 0.06699751861042183 0.05131128848346636
7 0.3746898263027295 0.5974914481185861 0.22084367245657568 0.28278221208665905
8 0.7102977667493796 0.24230330672748004 0.060794044665012405 0.04903078677309008
8 0.37034739454094295 0.6037628278221209 0.21712158808933002 0.27936145952109465
