10 0.2196048632218845 0.6467696629213483 0.23252279635258358 0.27668539325842695
10 0.22796352583586627 0.6580056179775281 0.3282674772036474 0.3047752808988764
7 0.7340425531914894 0.3342696629213483 0.3100303951367781 0.3651685393258427
13 0.3723404255319149 0.3068820224719101 0.0972644376899696 0.12219101123595505
6 0.736322188449848 0.32935393258426965 0.30547112462006076 0.3637640449438202
7 0.736322188449848 0.32935393258426965 0.30547112462006076 0.3637640449438202
4 0.7325227963525835 0.31952247191011235 0.3221884498480243 0.3693820224719101
6 0.7325227963525835 0.31952247191011235 0.3221884498480243 0.3693820224719101
13 0.7340425531914894 0.3342696629213483 0.3100303951367781 0.3651685393258427
10 0.2507598784194529 0.7387640449438202 0.3465045592705167 0.46348314606741575
13 0.736322188449848 0.32935393258426965 0.30547112462006076 0.3637640449438202
13 0.7325227963525835 0.31952247191011235 0.3221884498480243 0.3693820224719101
