11 0.07917888563049853 0.9021608643457383 0.03812316715542522 0.0468187274909964
13 0.22653958944281524 0.4339735894357743 0.18328445747800587 0.23169267707082833
6 0.22653958944281524 0.4339735894357743 0.18328445747800587 0.23169267707082833
10 0.07917888563049853 0.9021608643457383 0.03812316715542522 0.0468187274909964
13 0.18181818181818182 0.4207683073229292 0.1495601173020528 0.1836734693877551
11 0.9838709677419355 0.8649459783913566 0.02932551319648094 0.0468187274909964
13 0.782258064516129 0.4519807923169268 0.08944281524926687 0.07082833133253301
10 0.9838709677419355 0.8649459783913566 0.02932551319648094 0.0468187274909964
6 0.18181818181818182 0.4207683073229292 0.1495601173020528 0.1836734693877551
13 0.21994134897360704 0.4477791116446579 0.1906158357771261 0.2064825930372149
13 0.8321114369501467 0.44057623049219685 0.09824046920821114 0.07683073229291716
11 0.7287390029325513 0.1842737094837935 0.10850439882697947 0.04921968787515006
