6 0.26842105263157895 0.5074626865671642 0.26842105263157895 0.5074626865671642
9 0.2881578947368421 0.33295063145809417 0.09210526315789473 0.05970149253731343
2 0.6282894736842105 0.33926521239954077 0.1118421052631579 0.1182548794489093
3 0.6322368421052632 0.6854190585533869 0.6092105263157894 0.417910447761194
7 0.26842105263157895 0.5074626865671642 0.26842105263157895 0.5074626865671642
3 0.6157894736842106 0.6624569460390356 0.5684210526315789 0.4569460390355913
3 0.6203947368421052 0.6446613088404133 0.5381578947368421 0.19173363949483352
9 0.8907894736842106 0.33008036739380026 0.08157894736842106 0.05855338691159587
7 0.7921052631578948 0.3777267508610792 0.22105263157894736 0.2939150401836969
6 0.7921052631578948 0.3777267508610792 0.22105263157894736 0.2939150401836969
2 0.6375 0.34902411021814006 0.11973684210526316 0.09873708381171067
9 0.29276315789473684 0.45407577497129736 0.5776315789473684 0.6739380022962113
