13 0.35443037974683544 0.46830985915492956 0.10307414104882459 0.03169014084507042
6 0.33905967450271246 0.6857394366197183 0.25316455696202533 0.24295774647887325
11 0.37613019891500904 0.27992957746478875 0.13200723327305605 0.03873239436619718
13 0.45795660036166363 0.45422535211267606 0.042495479204339964 0.12323943661971831
13 0.310126582278481 0.6852992957746479 0.2224231464737794 0.2367957746478873
13 0.3503616636528029 0.46566901408450706 0.1003616636528029 0.04225352112676056
13 0.2870705244122966 0.6597711267605634 0.1980108499095841 0.03961267605633803
13 0.3395117540687161 0.7183098591549296 0.22332730560578662 0.02112676056338028
4 0.37251356238698013 0.7205105633802817 0.15913200723327306 0.15933098591549297
11 0.6659132007233273 0.26452464788732394 0.13110307414104883 0.03433098591549296
13 0.33905967450271246 0.6857394366197183 0.25316455696202533 0.24295774647887325
13 0.4588607594936709 0.45026408450704225 0.042495479204339964 0.11355633802816902
13 0.3123869801084991 0.46786971830985913 0.07323688969258589 0.0625
7 0.310126582278481 0.6852992957746479 0.2224231464737794 0.2367957746478873
0 0.5759493670886076 0.4630281690140845 0.08499095840867993 0.08626760563380281
7 0.3693490054249548 0.6694542253521126 0.18896925858951175 0.28257042253521125
11 0.3792947558770344 0.27860915492957744 0.15099457504520797 0.03609154929577465
11 0.666365280289331 0.261443661971831 0.12477396021699819 0.028169014084507043
