6 0.3577405857740586 0.21212121212121213 0.08228730822873083 0.1111111111111111
8 0.16527196652719664 0.4930555555555556 0.029288702928870293 0.021464646464646464
13 0.8451882845188284 0.4166666666666667 0.10320781032078104 0.0707070707070707
10 0.13110181311018132 0.7784090909090909 0.18688981868898186 0.2159090909090909
6 0.8403068340306834 0.4128787878787879 0.15481171548117154 0.09595959595959595
10 0.09065550906555091 0.7424242424242424 0.12273361227336123 0.11616161616161616
13 0.8382147838214784 0.4154040404040404 0.1506276150627615 0.08838383838383838
0 0.5690376569037657 0.3592171717171717 0.11157601115760112 0.10479797979797979
7 0.3514644351464435 0.22601010101010102 0.100418410041841 0.12121212121212122
10 0.09623430962343096 0.7329545454545454 0.1087866108786611 0.19823232323232323
13 0.8403068340306834 0.4128787878787879 0.15481171548117154 0.09595959595959595
8 0.16457461645746166 0.49873737373737376 0.030683403068340307 0.017676767676767676
7 0.3577405857740586 0.21212121212121213 0.08228730822873083 0.1111111111111111
