13 0.20247395833333334 0.4375 0.08723958333333333 0.035416666666666666
13 0.2864583333333333 0.17916666666666667 0.026041666666666668 0.0125
13 0.287109375 0.18177083333333333 0.024739583333333332 0.023958333333333335
13 0.18619791666666666 0.4328125 0.049479166666666664 0.015625
10 0.09830729166666667 0.7338541666666667 0.037760416666666664 0.03854166666666667
13 0.7799479166666666 0.328125 0.10416666666666667 0.07083333333333333
13 0.78125 0.32916666666666666 0.11197916666666667 0.06666666666666667
13 0.7701822916666666 0.3255208333333333 0.11328125 0.07395833333333333
11 0.09830729166666667 0.7338541666666667 0.037760416666666664 0.03854166666666667
13 0.18424479166666666 0.43020833333333336 0.06901041666666667 0.01875
9 0.287109375 0.18177083333333333 0.024739583333333332 0.023958333333333335
8 0.2864583333333333 0.17916666666666667 0.026041666666666668 0.0125
11 0.7701822916666666 0.3255208333333333 0.11328125 0.07395833333333333
13 0.322265625 0.21041666666666667 0.09505208333333333 0.07708333333333334
