5 0.72802734375 0.5234375 0.2060546875 0.548828125
8 0.763671875 0.31787109375 0.037109375 0.0361328125
9 0.18310546875 0.30517578125 0.0439453125 0.0185546875
13 0.3662109375 0.447265625 0.244140625 0.478515625
3 0.59912109375 0.6640625 0.3349609375 0.169921875
5 0.7216796875 0.51025390625 0.267578125 0.6259765625
11 0.2412109375 0.703125 0.037109375 0.0625
11 0.24560546875 0.7138671875 0.0400390625 0.078125
13 0.7041015625 0.51318359375 0.232421875 0.5986328125
5 0.3662109375 0.447265625 0.244140625 0.478515625
3 0.59814453125 0.6552734375 0.3388671875 0.189453125
5 0.35400390625 0.45166015625 0.2275390625 0.5029296875
9 0.3662109375 0.447265625 0.244140625 0.478515625
9 0.27880859375 0.3291015625 0.0205078125 0.046875
9 0.7041015625 0.51318359375 0.232421875 0.5986328125
5 0.7041015625 0.51318359375 0.232421875 0.5986328125
5 0.3544921875 0.43798828125 0.21875 0.5048828125
10 0.24560546875 0.7138671875 0.0400390625 0.078125
3 0.59619140625 0.68017578125 0.3369140625 0.1669921875
10 0.2412109375 0.703125 0.037109375 0.0625
