13 0.3056640625 0.29296875 0.080078125 0.0390625
5 0.3310546875 0.3427734375 0.22265625 0.427734375
0 0.54638671875 0.265625 0.0908203125 0.11328125
11 0.3720703125 0.09619140625 0.1171875 0.0283203125
13 0.31640625 0.43359375 0.173828125 0.119140625
13 0.328125 0.3447265625 0.12109375 0.06640625
7 0.28271484375 0.44921875 0.1416015625 0.32421875
3 0.55810546875 0.51025390625 0.3154296875 0.1103515625
6 0.28271484375 0.44921875 0.1416015625 0.32421875
6 0.70068359375 0.361328125 0.2041015625 0.453125
0 0.54736328125 0.2705078125 0.1083984375 0.126953125
6 0.31640625 0.43359375 0.173828125 0.119140625
5 0.66064453125 0.35107421875 0.2470703125 0.4404296875
11 0.56591796875 0.09619140625 0.0732421875 0.0283203125
7 0.70068359375 0.361328125 0.2041015625 0.453125
