10 0.08528645833333333 0.821875 0.07942708333333333 0.10208333333333333
8 0.34375 0.6322916666666667 0.16927083333333334 0.22083333333333333
11 0.8984375 0.8885416666666667 0.0546875 0.03958333333333333
10 0.09244791666666667 0.8375 0.07291666666666667 0.06666666666666667
3 0.55078125 0.703125 0.5833333333333334 0.18958333333333333
11 0.10416666666666667 0.8151041666666666 0.1015625 0.06770833333333333
4 0.236328125 0.6166666666666667 0.23307291666666666 0.25833333333333336
10 0.8984375 0.8885416666666667 0.0546875 0.03958333333333333
11 0.9055989583333334 0.8848958333333333 0.053385416666666664 0.065625
7 0.2552083333333333 0.6119791666666666 0.22395833333333334 0.271875
9 0.6842447916666666 0.4869791666666667 0.08984375 0.10729166666666666
11 0.09244791666666667 0.8375 0.07291666666666667 0.06666666666666667
10 0.9055989583333334 0.8848958333333333 0.053385416666666664 0.065625
7 0.236328125 0.6166666666666667 0.23307291666666666 0.25833333333333336
10 0.10416666666666667 0.8151041666666666 0.1015625 0.06770833333333333
3 0.5494791666666666 0.6755208333333333 0.5755208333333334 0.265625
11 0.08528645833333333 0.821875 0.07942708333333333 0.10208333333333333
13 0.208984375 0.6395833333333333 0.16015625 0.22291666666666668
