6 0.34375 0.4521484375 0.046875 0.0390625
11 0.39111328125 0.14453125 0.0576171875 0.013671875
3 0.56787109375 0.5419921875 0.3369140625 0.119140625
3 0.5732421875 0.5625 0.3515625 0.103515625
3 0.5693359375 0.55859375 0.349609375 0.111328125
0 0.56103515625 0.33544921875 0.1083984375 0.1123046875
0 0.57275390625 0.32568359375 0.0791015625 0.1064453125
13 0.36083984375 0.26220703125 0.0458984375 0.0498046875
0 0.56884765625 0.32470703125 0.0986328125 0.0927734375
7 0.34375 0.4521484375 0.046875 0.0390625
7 0.34521484375 0.4560546875 0.0576171875 0.052734375
