11 0.09866468842729971 0.5611246943765281 0.16468842729970326 0.19315403422982885
11 0.11127596439169139 0.6179706601466992 0.03857566765578635 0.08190709046454768
10 0.1394658753709199 0.6772616136919315 0.27596439169139464 0.06356968215158924
11 0.07418397626112759 0.48655256723716384 0.07418397626112759 0.16381418092909536
11 0.031899109792284865 0.6882640586797066 0.06083086053412463 0.12224938875305623
11 0.08011869436201781 0.42665036674816625 0.050445103857566766 0.20293398533007334
10 0.028189910979228485 0.6479217603911981 0.05341246290801187 0.10513447432762836
0 0.5326409495548962 0.328239608801956 0.13353115727002968 0.1136919315403423
11 0.028189910979228485 0.6479217603911981 0.05341246290801187 0.10513447432762836
11 0.12240356083086053 0.3643031784841076 0.08160237388724036 0.21515892420537897
13 0.11795252225519288 0.5886308068459658 0.09347181008902077 0.1234718826405868
10 0.031899109792284865 0.6882640586797066 0.06083086053412463 0.12224938875305623
