11 0.7816455696202531 0.8912852112676056 0.017179023508137433 0.025528169014084508
10 0.17088607594936708 0.8151408450704225 0.045207956600361664 0.04401408450704225
2 0.3241410488245931 0.36619718309859156 0.17088607594936708 0.2852112676056338
11 0.777124773960217 0.8767605633802817 0.04972875226039783 0.04753521126760563
11 0.17811934900542495 0.8415492957746479 0.06871609403254973 0.08098591549295775
13 0.3358951175406872 0.3732394366197183 0.2070524412296564 0.272887323943662
13 0.3241410488245931 0.36619718309859156 0.17088607594936708 0.2852112676056338
13 0.3453887884267631 0.35079225352112675 0.21338155515370705 0.2579225352112676
13 0.6885171790235082 0.363556338028169 0.17088607594936708 0.31338028169014087
13 0.6722423146473779 0.40757042253521125 0.19981916817359854 0.4154929577464789
7 0.30063291139240506 0.7196302816901409 0.0949367088607595 0.06602112676056338
10 0.777124773960217 0.8767605633802817 0.04972875226039783 0.04753521126760563
9 0.711121157323689 0.5849471830985915 0.1437613019891501 0.16461267605633803
13 0.6528028933092225 0.7403169014084507 0.034358047016274866 0.07746478873239436
1 0.6885171790235082 0.363556338028169 0.17088607594936708 0.31338028169014087
11 0.17088607594936708 0.8151408450704225 0.045207956600361664 0.04401408450704225
13 0.6609403254972875 0.375 0.0867992766726944 0.3045774647887324
2 0.3358951175406872 0.3732394366197183 0.2070524412296564 0.272887323943662
