8 0.42631103074141047 0.27098078867542974 0.011754068716094032 0.01820020222446916
2 0.43670886075949367 0.22143579373104147 0.027124773960216998 0.12133468149646107
8 0.7219710669077758 0.423154701718908 0.1491862567811935 0.23559150657229525
9 0.641500904159132 0.48938321536905965 0.06419529837251356 0.11931243680485339
2 0.6849005424954792 0.4160768452982811 0.15099457504520797 0.24974721941354905
9 0.4403254972875226 0.16936299292214357 0.02531645569620253 0.03538928210313448
2 0.43354430379746833 0.21587462082912032 0.026220614828209764 0.1243680485338726
13 0.7219710669077758 0.423154701718908 0.1491862567811935 0.23559150657229525
2 0.6993670886075949 0.4201213346814965 0.16907775768535263 0.243680485338726
13 0.42631103074141047 0.27098078867542974 0.011754068716094032 0.01820020222446916
2 0.7219710669077758 0.423154701718908 0.1491862567811935 0.23559150657229525
