11 0.7521739130434782 0.12328094302554027 0.04565217391304348 0.04223968565815324
11 0.3451086956521739 0.10510805500982318 0.20326086956521738 0.03732809430255403
9 0.6190217391304348 0.818762278978389 0.09239130434782608 0.0618860510805501
13 0.7010869565217391 0.22544204322200392 0.1782608695652174 0.20530451866404714
11 0.6228260869565218 0.10952848722986247 0.11521739130434783 0.05009823182711198
11 0.6614130434782609 0.8089390962671905 0.03369565217391304 0.02455795677799607
13 0.35434782608695653 0.11198428290766209 0.1 0.05108055009823183
11 0.33858695652173915 0.07121807465618861 0.09021739130434783 0.036345776031434185
13 0.7255434782608695 0.2087426326129666 0.175 0.1974459724950884
0 0.5728260869565217 0.29420432220039294 0.1282608695652174 0.12868369351669942
13 0.34782608695652173 0.12475442043222004 0.0782608695652174 0.07269155206286837
