9 0.7123655913978495 0.5431985294117647 0.15591397849462366 0.15625
10 0.853225806451613 0.6392463235294118 0.046236559139784944 0.10386029411764706
11 0.7268817204301076 0.5032169117647058 0.22365591397849463 0.25275735294117646
11 0.853225806451613 0.6392463235294118 0.046236559139784944 0.10386029411764706
0 0.5290322580645161 0.28768382352941174 0.1053763440860215 0.09375
9 0.46774193548387094 0.39200367647058826 0.15913978494623657 0.5064338235294118
11 0.3387096774193548 0.1015625 0.14408602150537633 0.02665441176470588
11 0.8376344086021505 0.5974264705882353 0.05591397849462366 0.06433823529411764
13 0.6301075268817204 0.2541360294117647 0.11612903225806452 0.13694852941176472
13 0.8075268817204301 0.5850183823529411 0.06666666666666667 0.04871323529411765
11 0.6026881720430107 0.12729779411764705 0.16021505376344086 0.050551470588235295
3 0.593010752688172 0.625 0.4096774193548387 0.1801470588235294
