11 0.25674019607843135 0.2196765498652291 0.2536764705882353 0.10332434860736747
13 0.7916666666666666 0.33153638814016173 0.06862745098039216 0.044923629829290206
13 0.2542892156862745 0.33737646001796945 0.22426470588235295 0.13566936208445643
8 0.6727941176470589 0.23045822102425875 0.024509803921568627 0.03863432165318958
1 0.28308823529411764 0.22911051212938005 0.2916666666666667 0.11859838274932614
11 0.27818627450980393 0.24348607367475292 0.3161764705882353 0.15633423180592992
13 0.8780637254901961 0.40341419586702604 0.023284313725490197 0.02336028751123091
13 0.23284313725490197 0.3751123090745732 0.19607843137254902 0.16262353998203055
13 0.26348039215686275 0.3274932614555256 0.2426470588235294 0.1985624438454627
7 0.25674019607843135 0.2196765498652291 0.2536764705882353 0.10332434860736747
2 0.7977941176470589 0.33198562443845464 0.058823529411764705 0.04043126684636118
8 0.23284313725490197 0.3751123090745732 0.19607843137254902 0.16262353998203055
2 0.2542892156862745 0.33737646001796945 0.22426470588235295 0.13566936208445643
13 0.23713235294117646 0.5858041329739443 0.2193627450980392 0.1958670260557053
13 0.7328431372549019 0.27178796046720577 0.17647058823529413 0.16262353998203055
8 0.23713235294117646 0.5858041329739443 0.2193627450980392 0.1958670260557053
2 0.7095588235294118 0.2178796046720575 0.09803921568627451 0.11410601976639713
2 0.7328431372549019 0.27178796046720577 0.17647058823529413 0.16262353998203055
2 0.21568627450980393 0.5682839173405211 0.12745098039215685 0.16981132075471697
8 0.7303921568627451 0.23405211141060198 0.049019607843137254 0.03863432165318958
13 0.7095588235294118 0.2178796046720575 0.09803921568627451 0.11410601976639713
11 0.71875 0.15498652291105122 0.11887254901960784 0.042228212039532795
