7 0.7566574839302111 0.5275482093663911 0.24426078971533516 0.4361799816345271
13 0.7557392102846648 0.5119375573921029 0.22038567493112948 0.4049586776859504
12 0.7497704315886135 0.2699724517906336 0.15702479338842976 0.17263544536271808
6 0.36639118457300274 0.2676767676767677 0.26262626262626265 0.26170798898071623
11 0.7056932966023876 0.19559228650137742 0.23048668503213957 0.13406795224977044
5 0.7557392102846648 0.5119375573921029 0.22038567493112948 0.4049586776859504
13 0.36639118457300274 0.2874196510560147 0.20385674931129477 0.2130394857667585
13 0.3613406795224977 0.3002754820936639 0.24885215794306703 0.2222222222222222
6 0.7557392102846648 0.5119375573921029 0.22038567493112948 0.4049586776859504
6 0.7566574839302111 0.5275482093663911 0.24426078971533516 0.4361799816345271
6 0.36639118457300274 0.2874196510560147 0.20385674931129477 0.2130394857667585
11 0.7047750229568411 0.1960514233241506 0.25252525252525254 0.155188246097337
11 0.3746556473829201 0.15977961432506887 0.13406795224977044 0.07897153351698806
6 0.39807162534435264 0.5720844811753902 0.1349862258953168 0.1561065197428834
6 0.3613406795224977 0.3002754820936639 0.24885215794306703 0.2222222222222222
13 0.36639118457300274 0.2676767676767677 0.26262626262626265 0.26170798898071623
6 0.8016528925619835 0.5601469237832875 0.22773186409550045 0.5105601469237833
