0 0.5345052083333334 0.26927083333333335 0.11848958333333333 0.109375
3 0.494140625 0.5473958333333333 0.4440104166666667 0.17604166666666668
11 0.8235677083333334 0.6760416666666667 0.03515625 0.04791666666666667
6 0.7805989583333334 0.5927083333333333 0.08984375 0.10833333333333334
3 0.4986979166666667 0.5614583333333333 0.4557291666666667 0.16458333333333333
10 0.830078125 0.6963541666666667 0.05078125 0.05520833333333333
10 0.8235677083333334 0.6760416666666667 0.03515625 0.04791666666666667
6 0.13671875 0.5333333333333333 0.078125 0.05
3 0.494140625 0.5630208333333333 0.45703125 0.17604166666666668
11 0.830078125 0.6963541666666667 0.05078125 0.05520833333333333
0 0.5227864583333334 0.2734375 0.14713541666666666 0.10520833333333333
