13 0.18997668997668998 0.2818371607515658 0.06060606060606061 0.014613778705636743
13 0.3473193473193473 0.4780793319415449 0.1655011655011655 0.06471816283924843
0 0.5833333333333334 0.25835073068893527 0.14801864801864803 0.10751565762004175
7 0.09149184149184149 0.6137787056367432 0.054778554778554776 0.10855949895615867
3 0.5897435897435898 0.5668058455114823 0.46386946386946387 0.11064718162839249
3 0.5955710955710956 0.5657620041753654 0.4801864801864802 0.13569937369519833
11 0.09149184149184149 0.6137787056367432 0.054778554778554776 0.10855949895615867
13 0.21153846153846154 0.272964509394572 0.16200466200466201 0.12839248434237996
13 0.18822843822843824 0.2860125260960334 0.12004662004662005 0.054279749478079335
0 0.5967365967365967 0.2698329853862213 0.1282051282051282 0.14509394572025053
0 0.5827505827505828 0.2818371607515658 0.14685314685314685 0.1544885177453027
13 0.7837995337995338 0.3778705636743215 0.06876456876456877 0.04801670146137787
