7 0.25984682713347923 0.5390625 0.11925601750547046 0.125
10 0.8550328227571116 0.71435546875 0.10393873085339168 0.0908203125
11 0.6466083150984683 0.1298828125 0.12035010940919037 0.064453125
11 0.10667396061269147 0.7216796875 0.05798687089715536 0.060546875
13 0.7669584245076586 0.5830078125 0.13785557986870897 0.19140625
11 0.8211159737417943 0.5341796875 0.08643326039387308 0.234375
5 0.25601750547045954 0.5927734375 0.22319474835886213 0.220703125
11 0.27954048140043763 0.1455078125 0.10393873085339168 0.072265625
7 0.2439824945295405 0.6123046875 0.24288840262582057 0.251953125
6 0.25601750547045954 0.5927734375 0.22319474835886213 0.220703125
11 0.8550328227571116 0.71435546875 0.10393873085339168 0.0908203125
2 0.15153172866520787 0.63330078125 0.06673960612691467 0.1298828125
11 0.8189277899343544 0.53564453125 0.07768052516411379 0.2861328125
11 0.09409190371991247 0.744140625 0.03282275711159737 0.041015625
10 0.09409190371991247 0.744140625 0.03282275711159737 0.041015625
11 0.8227571115973742 0.54541015625 0.08315098468271334 0.3837890625
2 0.7718818380743983 0.6767578125 0.09737417943107221 0.04296875
4 0.25601750547045954 0.5927734375 0.22319474835886213 0.220703125
7 0.7669584245076586 0.5830078125 0.13785557986870897 0.19140625
10 0.10667396061269147 0.7216796875 0.05798687089715536 0.060546875
