10 0.8268229166666666 0.5421875 0.140625 0.10520833333333333
3 0.5794270833333334 0.5364583333333334 0.3958333333333333 0.13541666666666666
4 0.8424479166666666 0.5395833333333333 0.0859375 0.05
7 0.8424479166666666 0.5395833333333333 0.0859375 0.05
11 0.8268229166666666 0.5421875 0.140625 0.10520833333333333
0 0.5891927083333334 0.2875 0.12630208333333334 0.12708333333333333
0 0.6009114583333334 0.2916666666666667 0.11067708333333333 0.13958333333333334
7 0.8483072916666666 0.5578125 0.08984375 0.059375
13 0.8352864583333334 0.5473958333333333 0.09765625 0.04479166666666667
0 0.599609375 0.2760416666666667 0.10286458333333333 0.09375
