2 0.23222748815165878 0.7238247863247863 0.04265402843601896 0.03311965811965812
0 0.5716824644549763 0.3349358974358974 0.12677725118483413 0.11217948717948718
2 0.19609004739336494 0.5026709401709402 0.022511848341232227 0.030982905982905984
8 0.1966824644549763 0.500534188034188 0.026066350710900472 0.028846153846153848
8 0.11907582938388625 0.6933760683760684 0.058056872037914695 0.02564102564102564
0 0.5764218009478673 0.34455128205128205 0.12440758293838862 0.12927350427350429
2 0.11966824644549763 0.6917735042735043 0.061611374407582936 0.026709401709401708
8 0.22985781990521326 0.7275641025641025 0.04265402843601896 0.03205128205128205
2 0.12026066350710901 0.6917735042735043 0.06042654028436019 0.022435897435897436
2 0.23163507109004738 0.7243589743589743 0.03909952606635071 0.038461538461538464
2 0.20556872037914692 0.5833333333333334 0.02962085308056872 0.03632478632478633
2 0.1966824644549763 0.5021367521367521 0.026066350710900472 0.029914529914529916
8 0.20675355450236968 0.5854700854700855 0.034360189573459717 0.03632478632478633
11 0.3335308056872038 0.15705128205128205 0.1362559241706161 0.029914529914529916
2 0.20497630331753555 0.5854700854700855 0.035545023696682464 0.038461538461538464
