11 0.08917682926829268 0.9451659451659452 0.06554878048780488 0.08080808080808081
2 0.600609756097561 0.31962481962481964 0.021341463414634148 0.05627705627705628
11 0.3544207317073171 0.07792207792207792 0.15701219512195122 0.03751803751803752
11 0.6646341463414634 0.09740259740259741 0.11585365853658537 0.027417027417027416
11 0.9024390243902439 0.9329004329004329 0.03353658536585366 0.027417027417027416
11 0.8940548780487805 0.9408369408369408 0.04725609756097561 0.05194805194805195
11 0.08765243902439024 0.9401154401154401 0.028963414634146343 0.03318903318903319
11 0.8871951219512195 0.9271284271284271 0.06402439024390244 0.07936507936507936
11 0.08689024390243902 0.9386724386724387 0.07317073170731707 0.08513708513708514
10 0.8871951219512195 0.9271284271284271 0.06402439024390244 0.07936507936507936
0 0.5602134146341463 0.3088023088023088 0.11432926829268293 0.09523809523809523
