9 0.5572916666666666 0.4552083333333333 0.11979166666666667 0.11875
7 0.21940104166666666 0.6255208333333333 0.22526041666666666 0.284375
7 0.24609375 0.5697916666666667 0.2708333333333333 0.31875
10 0.796875 0.73125 0.036458333333333336 0.05
3 0.537109375 0.65625 0.4440104166666667 0.11875
9 0.5716145833333334 0.4484375 0.06770833333333333 0.084375
3 0.5390625 0.6770833333333334 0.4322916666666667 0.13958333333333334
8 0.5598958333333334 0.4510416666666667 0.08072916666666667 0.09166666666666666
3 0.5319010416666666 0.6557291666666667 0.4440104166666667 0.134375
4 0.21940104166666666 0.6255208333333333 0.22526041666666666 0.284375
6 0.21940104166666666 0.6255208333333333 0.22526041666666666 0.284375
11 0.796875 0.73125 0.036458333333333336 0.05
11 0.796875 0.7473958333333334 0.028645833333333332 0.042708333333333334
