13 0.2624113475177305 0.58154296875 0.1347517730496454 0.1181640625
5 0.26300236406619387 0.57080078125 0.18557919621749408 0.1962890625
6 0.783096926713948 0.54052734375 0.20212765957446807 0.1982421875
9 0.8150118203309693 0.50146484375 0.11229314420803782 0.1455078125
7 0.783096926713948 0.54052734375 0.20212765957446807 0.1982421875
13 0.23167848699763594 0.3798828125 0.13947990543735225 0.056640625
9 0.2624113475177305 0.58154296875 0.1347517730496454 0.1181640625
3 0.5697399527186762 0.60400390625 0.4657210401891253 0.1689453125
5 0.7754137115839244 0.5595703125 0.22695035460992907 0.24609375
7 0.23995271867612294 0.48583984375 0.20094562647754138 0.3095703125
6 0.23995271867612294 0.48583984375 0.20094562647754138 0.3095703125
13 0.22340425531914893 0.376953125 0.09219858156028368 0.048828125
