13 0.7724719101123596 0.2712871287128713 0.23595505617977527 0.1603960396039604
11 0.788623595505618 0.19455445544554456 0.15870786516853932 0.09207920792079208
0 0.6165730337078652 0.2995049504950495 0.15168539325842698 0.10594059405940594
11 0.6825842696629213 0.17475247524752474 0.1404494382022472 0.04455445544554455
13 0.20646067415730338 0.2599009900990099 0.07303370786516854 0.05841584158415842
1 0.660814606741573 0.21831683168316832 0.08567415730337079 0.09603960396039604
13 0.3609550561797753 0.22574257425742575 0.09550561797752809 0.16435643564356436
13 0.3258426966292135 0.2485148514851485 0.30337078651685395 0.19801980198019803
0 0.6179775280898876 0.29306930693069305 0.13764044943820225 0.100990099009901
11 0.764747191011236 0.1797029702970297 0.175561797752809 0.09603960396039604
13 0.28230337078651685 0.2297029702970297 0.2808988764044944 0.15247524752475247
13 0.660814606741573 0.21831683168316832 0.08567415730337079 0.09603960396039604
