13 0.16471354166666666 0.49947916666666664 0.05078125 0.034375
3 0.54296875 0.5385416666666667 0.4348958333333333 0.08125
10 0.8372395833333334 0.5635416666666667 0.059895833333333336 0.08125
11 0.2981770833333333 0.20885416666666667 0.10677083333333333 0.030208333333333334
3 0.5442708333333334 0.5598958333333334 0.4479166666666667 0.115625
10 0.833984375 0.571875 0.053385416666666664 0.07291666666666667
11 0.833984375 0.571875 0.053385416666666664 0.07291666666666667
0 0.5455729166666666 0.3296875 0.125 0.096875
0 0.5384114583333334 0.3307291666666667 0.14192708333333334 0.10520833333333333
11 0.8372395833333334 0.5635416666666667 0.059895833333333336 0.08125
3 0.5390625 0.5166666666666667 0.4427083333333333 0.12083333333333333
0 0.5403645833333334 0.33489583333333334 0.11979166666666667 0.09270833333333334
2 0.5865885416666666 0.340625 0.032552083333333336 0.052083333333333336
