11 0.6863317757009346 0.31243358129649307 0.24182242990654207 0.3528161530286929
13 0.7482476635514018 0.7380446333687567 0.30490654205607476 0.2603613177470776
13 0.6863317757009346 0.31243358129649307 0.24182242990654207 0.3528161530286929
13 0.3008177570093458 0.2879914984059511 0.3282710280373832 0.3188097768331562
13 0.7032710280373832 0.29596174282678 0.16121495327102803 0.18172157279489903
13 0.2908878504672897 0.7709883103081828 0.3014018691588785 0.3198724760892667
13 0.308411214953271 0.5318809776833157 0.3411214953271028 0.7598299681190224
13 0.25292056074766356 0.26567481402763016 0.09929906542056074 0.0765143464399575
10 0.3008177570093458 0.2879914984059511 0.3282710280373832 0.3188097768331562
5 0.7266355140186916 0.5377258235919234 0.3364485981308411 0.7523910733262487
