13 0.7113022113022113 0.34027105517909 0.2113022113022113 0.13649564375605033
10 0.9090909090909091 0.749757986447241 0.044226044226044224 0.04356243949661181
8 0.6474201474201474 0.3547918683446273 0.11056511056511056 0.09777347531461762
13 0.6861179361179361 0.3155856727976767 0.22481572481572482 0.1819941916747338
7 0.6971744471744472 0.34172313649564373 0.1904176904176904 0.1335914811229429
4 0.7113022113022113 0.34027105517909 0.2113022113022113 0.13649564375605033
11 0.09643734643734644 0.8054211035818006 0.05773955773955774 0.03484995159728945
9 0.06388206388206388 0.32381413359148115 0.012285012285012284 0.018393030009680542
9 0.0214987714987715 0.22797676669893513 0.013513513513513514 0.010648596321393998
7 0.6861179361179361 0.3155856727976767 0.22481572481572482 0.1819941916747338
11 0.9090909090909091 0.749757986447241 0.044226044226044224 0.04356243949661181
10 0.09643734643734644 0.8054211035818006 0.05773955773955774 0.03484995159728945
4 0.6971744471744472 0.34172313649564373 0.1904176904176904 0.1335914811229429
11 0.3703931203931204 0.11568247821878025 0.10933660933660934 0.02032913843175218
9 0.8249385749385749 0.2821878025169409 0.006142506142506142 0.012584704743465635
