0 0.6017142857142858 0.40707964601769914 0.14057142857142857 0.12831858407079647
11 0.6811428571428572 0.20907079646017698 0.1737142857142857 0.08628318584070796
3 0.5994285714285714 0.7262168141592921 0.47885714285714287 0.14491150442477876
11 0.6857142857142857 0.2013274336283186 0.15542857142857142 0.04424778761061947
3 0.6011428571428571 0.7300884955752213 0.48914285714285716 0.14601769911504425
0 0.6045714285714285 0.42201327433628316 0.13257142857142856 0.15597345132743362
5 0.26 0.5276548672566371 0.312 0.4557522123893805
13 0.7417142857142857 0.4939159292035398 0.13485714285714287 0.07853982300884955
3 0.5948571428571429 0.6952433628318584 0.4697142857142857 0.16924778761061948
0 0.6011428571428571 0.4120575221238938 0.14857142857142858 0.14933628318584072
11 0.6857142857142857 0.1963495575221239 0.16 0.04314159292035398
5 0.78 0.5459070796460177 0.2502857142857143 0.4922566371681416
