0 0.5735677083333334 0.34479166666666666 0.13411458333333334 0.13333333333333333
6 0.736328125 0.45677083333333335 0.21223958333333334 0.30104166666666665
6 0.763671875 0.4796875 0.3216145833333333 0.353125
11 0.9498697916666666 0.7067708333333333 0.048177083333333336 0.053125
5 0.7571614583333334 0.48385416666666664 0.28515625 0.33645833333333336
7 0.763671875 0.4796875 0.3216145833333333 0.353125
10 0.9498697916666666 0.7067708333333333 0.048177083333333336 0.053125
6 0.7571614583333334 0.48385416666666664 0.28515625 0.33645833333333336
8 0.15690104166666666 0.6536458333333334 0.024739583333333332 0.021875
13 0.736328125 0.45677083333333335 0.21223958333333334 0.30104166666666665
5 0.736328125 0.45677083333333335 0.21223958333333334 0.30104166666666665
8 0.6673177083333334 0.41302083333333334 0.13671875 0.12604166666666666
