7 0.41162109375 0.2861328125 0.2646484375 0.40625
4 0.390625 0.29736328125 0.248046875 0.4033203125
4 0.41162109375 0.2861328125 0.2646484375 0.40625
1 0.390625 0.29736328125 0.248046875 0.4033203125
8 0.3779296875 0.2998046875 0.20703125 0.390625
9 0.53076171875 0.2294921875 0.0751953125 0.25390625
7 0.390625 0.29736328125 0.248046875 0.4033203125
6 0.345703125 0.52783203125 0.16015625 0.2158203125
0 0.61328125 0.283203125 0.09765625 0.125
8 0.41162109375 0.2861328125 0.2646484375 0.40625
7 0.345703125 0.52783203125 0.16015625 0.2158203125
