11 0.6520912547528517 0.11764705882352941 0.10519645120405577 0.03058823529411765
13 0.6818757921419518 0.1711764705882353 0.06337135614702155 0.09294117647058824
11 0.8060836501901141 0.19294117647058823 0.06844106463878327 0.07294117647058823
11 0.8060836501901141 0.19823529411764707 0.043092522179974654 0.05529411764705883
11 0.8238276299112801 0.19411764705882353 0.058301647655259824 0.0611764705882353
0 0.6070975918884665 0.23 0.14702154626108999 0.12588235294117647
0 0.6134347275031685 0.23 0.13688212927756654 0.1376470588235294
3 0.6020278833967047 0.6664705882352941 0.4740177439797212 0.1564705882352941
11 0.6717363751584284 0.13176470588235295 0.08365019011406843 0.06588235294117648
0 0.6178707224334601 0.24352941176470588 0.12547528517110265 0.15294117647058825
13 0.6641318124207858 0.13 0.07097591888466413 0.05529411764705883
3 0.5988593155893536 0.6794117647058824 0.4752851711026616 0.14941176470588236
