13 0.2610677083333333 0.5223958333333333 0.053385416666666664 0.096875
13 0.849609375 0.5442708333333334 0.09505208333333333 0.034375
13 0.2623697916666667 0.53125 0.016927083333333332 0.08333333333333333
11 0.2610677083333333 0.5223958333333333 0.053385416666666664 0.096875
13 0.2604166666666667 0.5260416666666666 0.0234375 0.09791666666666667
13 0.18815104166666666 0.35885416666666664 0.06380208333333333 0.059375
13 0.8502604166666666 0.559375 0.109375 0.07291666666666667
0 0.5501302083333334 0.3567708333333333 0.09765625 0.14270833333333333
13 0.8600260416666666 0.54375 0.08463541666666667 0.020833333333333332
0 0.5279947916666666 0.3463541666666667 0.13932291666666666 0.109375
