2 0.19904648390941598 0.522794846382557 0.08581644815256258 0.044598612487611496
11 0.23480333730631706 0.5312190287413281 0.1835518474374255 0.06541129831516353
7 0.2306317044100119 0.5302279484638256 0.12753277711561384 0.05550049554013875
9 0.4499404052443385 0.873637264618434 0.15613825983313467 0.08225966303270565
0 0.49463647199046484 0.47274529236868185 0.3289630512514899 0.1506442021803766
7 0.2461263408820024 0.398414271555996 0.060786650774731825 0.04162537165510406
7 0.2526817640047676 0.400396432111001 0.050059594755661505 0.06342913776015857
2 0.6126340882002383 0.4757185332011893 0.06436233611442194 0.061446977205153616
8 0.8081048867699643 0.6759167492566898 0.08343265792610251 0.10901883052527254
7 0.24851013110846246 0.3969276511397423 0.07032181168057211 0.05054509415262636
3 0.598927294398093 0.6977205153617443 0.5637663885578069 0.22794846382556988
