9 0.2900390625 0.2001953125 0.05859375 0.103515625
10 0.7568359375 0.63525390625 0.099609375 0.1669921875
5 0.29638671875 0.5009765625 0.2119140625 0.251953125
11 0.37890625 0.15087890625 0.08984375 0.0205078125
11 0.63525390625 0.16259765625 0.0888671875 0.0341796875
6 0.31884765625 0.41748046875 0.2099609375 0.4130859375
9 0.2861328125 0.42578125 0.060546875 0.05859375
5 0.68994140625 0.4775390625 0.1376953125 0.2734375
11 0.61474609375 0.15576171875 0.0869140625 0.0205078125
11 0.7529296875 0.61181640625 0.060546875 0.0947265625
9 0.734375 0.3974609375 0.115234375 0.19921875
9 0.70654296875 0.39794921875 0.0419921875 0.0595703125
2 0.5751953125 0.34912109375 0.044921875 0.0537109375
9 0.28466796875 0.18212890625 0.0927734375 0.1435546875
10 0.7529296875 0.61181640625 0.060546875 0.0947265625
9 0.6923828125 0.3232421875 0.0390625 0.048828125
0 0.55810546875 0.349609375 0.1123046875 0.125
0 0.55224609375 0.345703125 0.1103515625 0.115234375
11 0.7568359375 0.63525390625 0.099609375 0.1669921875
9 0.2490234375 0.41943359375 0.146484375 0.2958984375
0 0.55859375 0.3388671875 0.1015625 0.099609375
6 0.7041015625 0.5146484375 0.154296875 0.189453125
10 0.75390625 0.61767578125 0.06640625 0.0830078125
