3 0.5922107674684994 0.5165441176470589 0.4650630011454754 0.10110294117647059
6 0.27033218785796104 0.49862132352941174 0.27262313860252 0.10202205882352941
10 0.8573883161512027 0.5367647058823529 0.12256586483390607 0.13970588235294118
10 0.854524627720504 0.5151654411764706 0.13287514318442153 0.15716911764705882
7 0.23367697594501718 0.48713235294117646 0.16036655211912945 0.05698529411764706
3 0.5721649484536082 0.5321691176470589 0.4570446735395189 0.15441176470588236
7 0.23482245131729668 0.48943014705882354 0.17411225658648338 0.06709558823529412
3 0.5607101947308133 0.5298713235294118 0.5028636884306987 0.12591911764705882
10 0.8722794959908362 0.5367647058823529 0.10882016036655212 0.17830882352941177
0 0.5773195876288659 0.3446691176470588 0.10538373424971363 0.11029411764705882
