11 0.3451086956521739 0.19754464285714285 0.24728260869565216 0.109375
7 0.8430706521739131 0.46986607142857145 0.11005434782608696 0.20089285714285715
10 0.9069293478260869 0.8839285714285714 0.042119565217391304 0.05357142857142857
7 0.1766304347826087 0.39453125 0.11684782608695653 0.11272321428571429
11 0.3335597826086957 0.19754464285714285 0.20516304347826086 0.08928571428571429
8 0.171875 0.41127232142857145 0.13179347826086957 0.1171875
6 0.32133152173913043 0.4380580357142857 0.23233695652173914 0.3671875
10 0.2798913043478261 0.5373883928571429 0.35054347826086957 0.39620535714285715
10 0.2710597826086957 0.5345982142857143 0.3491847826086957 0.47098214285714285
7 0.29279891304347827 0.4849330357142857 0.21603260869565216 0.11941964285714286
7 0.33559782608695654 0.20368303571428573 0.22554347826086957 0.07700892857142858
8 0.1766304347826087 0.39453125 0.11684782608695653 0.11272321428571429
7 0.171875 0.41127232142857145 0.13179347826086957 0.1171875
7 0.28464673913043476 0.4564732142857143 0.18070652173913043 0.16071428571428573
11 0.33559782608695654 0.20368303571428573 0.22554347826086957 0.07700892857142858
10 0.2758152173913043 0.5491071428571429 0.3125 0.4107142857142857
