0 0.5750591016548463 0.2578125 0.11938534278959811 0.115234375
2 0.3971631205673759 0.44140625 0.08747044917257683 0.10546875
2 0.6347517730496454 0.37353515625 0.08274231678486997 0.0986328125
2 0.6329787234042553 0.3681640625 0.08865248226950355 0.115234375
2 0.6300236406619385 0.36669921875 0.09692671394799054 0.1142578125
0 0.5691489361702128 0.24755859375 0.12411347517730496 0.0810546875
2 0.3900709219858156 0.14208984375 0.054373522458628844 0.0556640625
2 0.39893617021276595 0.4384765625 0.04373522458628842 0.107421875
3 0.6140661938534279 0.55615234375 0.42671394799054374 0.1005859375
9 0.9267139479905437 0.56005859375 0.12056737588652482 0.4462890625
2 0.3882978723404255 0.1416015625 0.0508274231678487 0.060546875
11 0.3900709219858156 0.14208984375 0.054373522458628844 0.0556640625
5 0.2872340425531915 0.4375 0.2364066193853428 0.3515625
3 0.609338061465721 0.54296875 0.41252955082742315 0.060546875
13 0.2777777777777778 0.49365234375 0.1182033096926714 0.0576171875
11 0.8959810874704491 0.59814453125 0.08037825059101655 0.0966796875
10 0.8959810874704491 0.59814453125 0.08037825059101655 0.0966796875
2 0.3983451536643026 0.4375 0.061465721040189124 0.107421875
2 0.3882978723404255 0.1396484375 0.05319148936170213 0.06640625
0 0.5685579196217494 0.2470703125 0.1347517730496454 0.087890625
3 0.5945626477541371 0.53466796875 0.38534278959810875 0.1025390625
5 0.764775413711584 0.4208984375 0.23877068557919623 0.30078125
