13 0.68359375 0.178125 0.15104166666666666 0.11458333333333333
3 0.5865885416666666 0.5505208333333333 0.4309895833333333 0.11770833333333333
3 0.5813802083333334 0.5520833333333334 0.4153645833333333 0.06875
11 0.3203125 0.10989583333333333 0.06770833333333333 0.034375
0 0.5872395833333334 0.2916666666666667 0.078125 0.10625
11 0.6412760416666666 0.10885416666666667 0.12630208333333334 0.036458333333333336
13 0.6510416666666666 0.2109375 0.17708333333333334 0.16354166666666667
11 0.6438802083333334 0.11979166666666667 0.18619791666666666 0.05
13 0.685546875 0.21770833333333334 0.16276041666666666 0.2
6 0.685546875 0.21770833333333334 0.16276041666666666 0.2
3 0.5813802083333334 0.5291666666666667 0.4127604166666667 0.11875
0 0.5690104166666666 0.290625 0.1015625 0.10833333333333334
0 0.55859375 0.2984375 0.13802083333333334 0.13229166666666667
