13 0.22135416666666666 0.3390625 0.19010416666666666 0.14479166666666668
13 0.3059895833333333 0.25364583333333335 0.15885416666666666 0.15729166666666666
8 0.7526041666666666 0.5921875 0.0234375 0.028125
13 0.8001302083333334 0.3984375 0.061197916666666664 0.034375
13 0.3053385416666667 0.25 0.14192708333333334 0.12291666666666666
13 0.8059895833333334 0.4083333333333333 0.08333333333333333 0.041666666666666664
13 0.23177083333333334 0.35520833333333335 0.1796875 0.15208333333333332
8 0.751953125 0.5901041666666667 0.02734375 0.026041666666666668
13 0.2727864583333333 0.3098958333333333 0.30078125 0.24895833333333334
13 0.802734375 0.3927083333333333 0.07942708333333333 0.01875
