8 0.263671875 0.4322916666666667 0.055989583333333336 0.0375
8 0.7259114583333334 0.33645833333333336 0.029947916666666668 0.027083333333333334
9 0.8665364583333334 0.24791666666666667 0.048177083333333336 0.0375
7 0.7447916666666666 0.5630208333333333 0.21875 0.34270833333333334
8 0.724609375 0.3359375 0.045572916666666664 0.03229166666666667
8 0.3001302083333333 0.28802083333333334 0.029947916666666668 0.021875
8 0.2923177083333333 0.3229166666666667 0.01953125 0.01875
8 0.6569010416666666 0.29583333333333334 0.022135416666666668 0.01875
9 0.091796875 0.47552083333333334 0.040364583333333336 0.042708333333333334
9 0.072265625 0.3578125 0.037760416666666664 0.040625
5 0.7447916666666666 0.5630208333333333 0.21875 0.34270833333333334
0 0.5690104166666666 0.4244791666666667 0.1328125 0.15520833333333334
9 0.09049479166666667 0.4895833333333333 0.055989583333333336 0.09166666666666666
5 0.26953125 0.5208333333333334 0.2552083333333333 0.4625
8 0.5123697916666666 0.4609375 0.91796875 0.6864583333333333
8 0.7109375 0.45677083333333335 0.028645833333333332 0.021875
10 0.185546875 0.7776041666666667 0.18098958333333334 0.040625
8 0.662109375 0.440625 0.022135416666666668 0.020833333333333332
5 0.7356770833333334 0.5630208333333333 0.296875 0.3489583333333333
10 0.15885416666666666 0.734375 0.0625 0.0875
8 0.6048177083333334 0.24739583333333334 0.02734375 0.017708333333333333
9 0.07486979166666667 0.35052083333333334 0.032552083333333336 0.046875
11 0.12825520833333334 0.7463541666666667 0.08203125 0.08020833333333334
8 0.736328125 0.3067708333333333 0.03515625 0.019791666666666666
8 0.2779947916666667 0.6010416666666667 0.045572916666666664 0.025
8 0.30078125 0.29270833333333335 0.020833333333333332 0.016666666666666666
0 0.5677083333333334 0.421875 0.12760416666666666 0.1375
9 0.8977864583333334 0.3026041666666667 0.029947916666666668 0.03854166666666667
11 0.2936197916666667 0.2552083333333333 0.12630208333333334 0.07916666666666666
9 0.880859375 0.2677083333333333 0.08463541666666667 0.12291666666666666
7 0.2532552083333333 0.5635416666666667 0.26171875 0.41458333333333336
0 0.576171875 0.4265625 0.11328125 0.146875
11 0.15885416666666666 0.734375 0.0625 0.0875
8 0.7786458333333334 0.5223958333333333 0.0234375 0.019791666666666666
8 0.77734375 0.5234375 0.028645833333333332 0.019791666666666666
11 0.6458333333333334 0.215625 0.140625 0.03958333333333333
8 0.3248697916666667 0.5541666666666667 0.04296875 0.03958333333333333
8 0.6614583333333334 0.44114583333333335 0.028645833333333332 0.023958333333333335
8 0.6184895833333334 0.225 0.020833333333333332 0.014583333333333334
8 0.8216145833333334 0.5552083333333333 0.0234375 0.020833333333333332
8 0.6875 0.578125 0.0234375 0.016666666666666666
9 0.560546875 0.15625 0.022135416666666668 0.022916666666666665
8 0.2936197916666667 0.321875 0.02734375 0.01875
8 0.6549479166666666 0.2942708333333333 0.028645833333333332 0.023958333333333335
10 0.12825520833333334 0.7463541666666667 0.08203125 0.08020833333333334
5 0.2532552083333333 0.5635416666666667 0.26171875 0.41458333333333336
