13 0.8480333730631704 0.5168483647175421 0.09654350417163289 0.06838453914767097
11 0.35816448152562574 0.11496531219028741 0.1966626936829559 0.053518334985133795
8 0.7723480333730631 0.25074331020812685 0.09773539928486293 0.08523290386521308
7 0.764600715137068 0.24380574826560952 0.09415971394517282 0.08919722497522299
11 0.6764004767580453 0.10852329038652131 0.17759237187127533 0.05054509415262636
8 0.7711561382598331 0.2527254707631318 0.08343265792610251 0.06937561942517344
11 0.3808104886769964 0.11843409316154609 0.1871275327771156 0.06045589692765114
0 0.5947556615017878 0.244796828543112 0.14779499404052443 0.12289395441030723
7 0.8462455303933254 0.3141724479682854 0.057210965435041714 0.061446977205153616
11 0.6775923718712753 0.09217046580773043 0.16805721096543505 0.049554013875123884
11 0.9058402860548271 0.5569871159563925 0.050059594755661505 0.10703666997026759
