10 0.3340867992766727 0.5337197049525817 0.29023508137432186 0.2813487881981033
3 0.5962929475587704 0.6296101159114857 0.4692585895117541 0.19915700737618547
4 0.7242314647377939 0.5900948366701791 0.22603978300180833 0.34562697576396206
13 0.27622061482820975 0.4204425711275026 0.1166365280289331 0.0273972602739726
7 0.31464737793851716 0.4446786090621707 0.2007233273056058 0.34562697576396206
6 0.7368896925858951 0.36933614330874603 0.0867992766726944 0.09799789251844046
11 0.3286618444846293 0.25500526870389884 0.2197106690777577 0.2528977871443625
10 0.304249547920434 0.690200210748156 0.30289330922242313 0.22760800842992623
0 0.5646473779385172 0.32507903055848264 0.09312839059674503 0.15911485774499473
0 0.5610307414104883 0.3018967334035827 0.10759493670886076 0.11907270811380401
3 0.6012658227848101 0.6443624868282403 0.46473779385171793 0.3361433087460485
11 0.32775768535262206 0.3245521601685985 0.22332730560578662 0.3940990516332982
6 0.31103074141048825 0.43888303477344576 0.1735985533453888 0.321390937829294
10 0.28028933092224234 0.4220231822971549 0.10669077757685352 0.02423603793466807
10 0.3015370705244123 0.41675447839831403 0.2576853526220615 0.5679662802950474
11 0.3015370705244123 0.41675447839831403 0.2576853526220615 0.5679662802950474
7 0.2780289330922242 0.5616438356164384 0.17811934900542495 0.20864067439409906
