12 0.7131324004305705 0.25412371134020617 0.14316469321851452 0.14329896907216494
11 0.36167922497308935 0.8030927835051547 0.04305705059203445 0.04536082474226804
13 0.2395048439181916 0.6742268041237114 0.19268030139935413 0.30721649484536084
13 0.27502691065662 0.6644329896907216 0.2378902045209903 0.2958762886597938
13 0.3611410118406889 0.2618556701030928 0.1991388589881593 0.24123711340206186
0 0.5941872981700753 0.4005154639175258 0.116254036598493 0.1556701030927835
10 0.18299246501614638 0.8804123711340206 0.14208826695371368 0.10103092783505155
0 0.592572658772874 0.37989690721649483 0.11302475780409042 0.10206185567010309
0 0.5974165769644779 0.39690721649484534 0.12271259418729817 0.1463917525773196
7 0.721205597416577 0.6634020618556701 0.21959095801937567 0.29381443298969073
10 0.16092572658772875 0.8587628865979381 0.07642626480086114 0.1154639175257732
10 0.21582346609257266 0.8685567010309279 0.1969860064585576 0.060824742268041236
10 0.7970936490850377 0.795360824742268 0.11302475780409042 0.19484536082474227
13 0.35468245425188377 0.24381443298969072 0.2163616792249731 0.2443298969072165
7 0.7244348762109796 0.7134020618556701 0.2023681377825619 0.34845360824742266
13 0.36921420882669537 0.25618556701030926 0.15931108719052745 0.18041237113402062
7 0.22981700753498385 0.6561855670103093 0.09364908503767493 0.11030927835051546
10 0.7556512378902045 0.7845360824742268 0.1916038751345533 0.1711340206185567
7 0.728740581270183 0.6118556701030928 0.10764262648008611 0.13298969072164948
10 0.7954790096878364 0.8025773195876289 0.11410118406889128 0.26082474226804125
11 0.35091496232508074 0.14742268041237114 0.15285252960172227 0.07835051546391752
11 0.16092572658772875 0.8587628865979381 0.07642626480086114 0.1154639175257732
13 0.7002152852529602 0.25876288659793817 0.21420882669537136 0.16082474226804125
13 0.7082884822389667 0.26804123711340205 0.193756727664155 0.1731958762886598
