7 0.8159824046920822 0.7713085234093637 0.08651026392961877 0.11164465786314526
2 0.6972140762463344 0.055222088835534214 0.051319648093841645 0.05042016806722689
8 0.24560117302052786 0.45918367346938777 0.030791788856304986 0.022809123649459785
7 0.36656891495601174 0.3013205282112845 0.15249266862170088 0.13205282112845138
0 0.5263929618768328 0.4699879951980792 0.187683284457478 0.1644657863145258
3 0.5879765395894428 0.7334933973589436 0.436950146627566 0.12725090036014405
0 0.5718475073313783 0.45018007202881155 0.09970674486803519 0.12004801920768307
9 0.2404692082111437 0.7869147659063626 0.16715542521994134 0.09243697478991597
3 0.5806451612903226 0.748499399759904 0.45454545454545453 0.07803121248499399
7 0.45821114369501464 0.33313325330132054 0.0747800586510264 0.1644657863145258
11 0.3709677419354839 0.24309723889555823 0.15835777126099707 0.04441776710684274
13 0.36656891495601174 0.3013205282112845 0.15249266862170088 0.13205282112845138
10 0.08504398826979472 0.8625450180072028 0.04985337243401759 0.0468187274909964
0 0.5696480938416423 0.4399759903961585 0.10703812316715543 0.11164465786314526
2 0.6796187683284457 0.13925570228091236 0.036656891495601175 0.04081632653061224
11 0.8541055718475073 0.8199279711884754 0.06304985337243402 0.0744297719087635
8 0.2434017595307918 0.45858343337334934 0.03225806451612903 0.01920768307322929
2 0.24413489736070382 0.45918367346938777 0.030791788856304986 0.025210084033613446
2 0.6935483870967742 0.12545018007202882 0.05865102639296188 0.20048019207683074
10 0.8541055718475073 0.8199279711884754 0.06304985337243402 0.0744297719087635
2 0.24560117302052786 0.45918367346938777 0.030791788856304986 0.022809123649459785
2 0.6942815249266863 0.12965186074429771 0.06304985337243402 0.19447779111644659
8 0.14516129032258066 0.7509003601440576 0.01466275659824047 0.010804321728691477
9 0.36656891495601174 0.3013205282112845 0.15249266862170088 0.13205282112845138
3 0.5850439882697948 0.712484993997599 0.4310850439882698 0.1644657863145258
11 0.6231671554252199 0.25690276110444177 0.0967741935483871 0.057623049219687875
11 0.08504398826979472 0.8625450180072028 0.04985337243401759 0.0468187274909964
9 0.22140762463343108 0.7959183673469388 0.21700879765395895 0.0936374549819928
2 0.7023460410557185 0.2034813925570228 0.04398826979472141 0.04201680672268908
