10 0.78515625 0.48504273504273504 0.046875 0.057692307692307696
11 0.78515625 0.48504273504273504 0.046875 0.057692307692307696
11 0.78564453125 0.48985042735042733 0.0322265625 0.0438034188034188
3 0.572265625 0.4407051282051282 0.326171875 0.10576923076923077
11 0.24267578125 0.44925213675213677 0.0517578125 0.09294871794871795
3 0.572265625 0.44604700854700857 0.328125 0.056623931623931624
11 0.24609375 0.44711538461538464 0.033203125 0.03952991452991453
10 0.78564453125 0.48985042735042733 0.0322265625 0.0438034188034188
10 0.24267578125 0.44925213675213677 0.0517578125 0.09294871794871795
10 0.24609375 0.44711538461538464 0.033203125 0.03952991452991453
