13 0.23828125 0.4270833333333333 0.07291666666666667 0.14166666666666666
9 0.17708333333333334 0.34791666666666665 0.2864583333333333 0.25833333333333336
13 0.22721354166666666 0.4119791666666667 0.040364583333333336 0.13229166666666667
13 0.828125 0.4869791666666667 0.15885416666666666 0.034375
9 0.6881510416666666 0.5036458333333333 0.17057291666666666 0.20729166666666668
11 0.18359375 0.22604166666666667 0.15885416666666666 0.07916666666666666
13 0.830078125 0.5 0.19661458333333334 0.052083333333333336
9 0.181640625 0.4234375 0.35546875 0.29270833333333335
9 0.20052083333333334 0.4078125 0.3880208333333333 0.31979166666666664
9 0.787109375 0.575 0.3736979166666667 0.09791666666666667
9 0.022786458333333332 0.5864583333333333 0.03515625 0.16458333333333333
