11 0.1183252427184466 0.7389240506329114 0.04004854368932039 0.07067510548523206
10 0.11104368932038836 0.7447257383966245 0.04004854368932039 0.08438818565400844
3 0.558252427184466 0.6508438818565401 0.4393203883495146 0.08227848101265822
11 0.33616504854368934 0.1751054852320675 0.15048543689320387 0.03375527426160337
3 0.5485436893203883 0.6397679324894515 0.4393203883495146 0.12974683544303797
11 0.11104368932038836 0.7447257383966245 0.04004854368932039 0.08438818565400844
0 0.5625 0.32331223628691985 0.14199029126213591 0.10864978902953587
0 0.566747572815534 0.32383966244725737 0.13106796116504854 0.11814345991561181
3 0.5564320388349514 0.6466244725738397 0.4405339805825243 0.12025316455696203
0 0.5825242718446602 0.33755274261603374 0.10194174757281553 0.1371308016877637
7 0.5928398058252428 0.42035864978902954 0.0983009708737864 0.07067510548523206
8 0.5928398058252428 0.42035864978902954 0.0983009708737864 0.07067510548523206
