9 0.62841796875 0.12548828125 0.1044921875 0.1337890625
8 0.29248046875 0.28466796875 0.0185546875 0.0166015625
8 0.28271484375 0.36865234375 0.0107421875 0.0126953125
0 0.56591796875 0.31005859375 0.1123046875 0.1318359375
11 0.3779296875 0.13671875 0.10546875 0.021484375
0 0.56884765625 0.32275390625 0.1162109375 0.1376953125
13 0.29052734375 0.294921875 0.0400390625 0.037109375
11 0.59326171875 0.14501953125 0.0732421875 0.0478515625
13 0.30126953125 0.28076171875 0.0439453125 0.0263671875
3 0.5625 0.57470703125 0.34765625 0.1181640625
3 0.5615234375 0.5703125 0.34375 0.072265625
0 0.56494140625 0.30078125 0.1083984375 0.1015625
13 0.29248046875 0.28466796875 0.0185546875 0.0166015625
