7 0.2050321199143469 0.37250453720508164 0.15096359743040685 0.09891107078039928
4 0.2740899357601713 0.5775862068965517 0.25481798715203424 0.34210526315789475
1 0.25321199143468953 0.632940108892922 0.30513918629550324 0.4056261343012704
11 0.7596359743040685 0.778584392014519 0.028907922912205567 0.029038112522686024
10 0.2050321199143469 0.37250453720508164 0.15096359743040685 0.09891107078039928
1 0.24839400428265523 0.6016333938294011 0.2826552462526767 0.35208711433756806
4 0.24839400428265523 0.6016333938294011 0.2826552462526767 0.35208711433756806
9 0.2221627408993576 0.30716878402903813 0.11884368308351177 0.08802177858439202
7 0.25321199143468953 0.632940108892922 0.30513918629550324 0.4056261343012704
1 0.2740899357601713 0.5775862068965517 0.25481798715203424 0.34210526315789475
13 0.24732334047109208 0.2985480943738657 0.055674518201284794 0.07078039927404718
