3 0.5528913963328632 0.6410761154855643 0.4287729196050776 0.16404199475065617
11 0.29619181946403383 0.18635170603674542 0.19464033850493653 0.11286089238845144
11 0.693935119887165 0.1463254593175853 0.1156558533145275 0.024934383202099737
9 0.8660084626234132 0.6692913385826772 0.036671368124118475 0.1968503937007874
8 0.2009873060648801 0.39238845144356954 0.018335684062059238 0.010498687664041995
7 0.8660084626234132 0.6692913385826772 0.036671368124118475 0.1968503937007874
3 0.5486600846262342 0.6404199475065617 0.42595204513399154 0.15223097112860892
8 0.24964739069111425 0.281496062992126 0.005641748942172073 0.009186351706036745
9 0.12129760225669958 0.6213910761154856 0.06488011283497884 0.18766404199475065
11 0.12482369534555712 0.6200787401574803 0.05500705218617771 0.19291338582677164
3 0.5543018335684062 0.6430446194225722 0.4231311706629055 0.15748031496062992
0 0.5853314527503526 0.36811023622047245 0.12411847672778561 0.16141732283464566
11 0.7517630465444288 0.17388451443569553 0.1156558533145275 0.09317585301837271
11 0.3335684062059238 0.17060367454068243 0.2073342736248237 0.08923884514435695
0 0.5959097320169252 0.3648293963254593 0.11142454160789844 0.16272965879265092
0 0.581805359661495 0.3438320209973753 0.13963328631875882 0.11811023622047244
7 0.12129760225669958 0.6213910761154856 0.06488011283497884 0.18766404199475065
7 0.12482369534555712 0.6200787401574803 0.05500705218617771 0.19291338582677164
13 0.3455571227080395 0.2020997375328084 0.06488011283497884 0.07349081364829396
