6 0.6256510416666666 0.15677083333333333 0.14453125 0.140625
6 0.24283854166666666 0.20052083333333334 0.17578125 0.184375
13 0.271484375 0.18541666666666667 0.24348958333333334 0.25
6 0.6282552083333334 0.13489583333333333 0.19921875 0.13229166666666667
13 0.24283854166666666 0.20052083333333334 0.17578125 0.184375
11 0.298828125 0.0640625 0.14973958333333334 0.03229166666666667
13 0.2421875 0.23645833333333333 0.20833333333333334 0.29791666666666666
13 0.6204427083333334 0.14166666666666666 0.18880208333333334 0.13958333333333334
6 0.271484375 0.18541666666666667 0.24348958333333334 0.25
13 0.6282552083333334 0.13489583333333333 0.19921875 0.13229166666666667
