0 0.5631510416666666 0.315625 0.11328125 0.08333333333333333
13 0.3391927083333333 0.24947916666666667 0.20442708333333334 0.15104166666666666
4 0.3411458333333333 0.38697916666666665 0.15885416666666666 0.15104166666666666
7 0.3411458333333333 0.38697916666666665 0.15885416666666666 0.15104166666666666
4 0.3372395833333333 0.35520833333333335 0.12239583333333333 0.19375
13 0.3151041666666667 0.253125 0.1875 0.12916666666666668
13 0.3450520833333333 0.2635416666666667 0.23958333333333334 0.1875
0 0.57421875 0.3541666666666667 0.11197916666666667 0.14583333333333334
3 0.5325520833333334 0.55625 0.4192708333333333 0.12083333333333333
3 0.5377604166666666 0.5416666666666666 0.4166666666666667 0.16875
6 0.3450520833333333 0.2635416666666667 0.23958333333333334 0.1875
7 0.35546875 0.35989583333333336 0.14583333333333334 0.20520833333333333
