13 0.24121405750798722 0.4671694764862467 0.21831735889243875 0.36645962732919257
10 0.1964856230031949 0.6881100266193434 0.19488817891373802 0.1002661934338953
11 0.16293929712460065 0.6543921916592724 0.08306709265175719 0.09671694764862467
11 0.1964856230031949 0.6881100266193434 0.19488817891373802 0.1002661934338953
11 0.1389776357827476 0.570097604259095 0.03301384451544196 0.13043478260869565
13 0.31789137380191695 0.13753327417923691 0.154419595314164 0.14374445430346053
11 0.670926517571885 0.0940550133096717 0.15335463258785942 0.0709849157054126
13 0.20979765708200213 0.4503105590062112 0.12140575079872204 0.25643300798580304
1 0.31789137380191695 0.13753327417923691 0.154419595314164 0.14374445430346053
13 0.1906283280085197 0.47426796805678795 0.17678381256656017 0.4125998225377107
11 0.3232161874334398 0.17923691215616683 0.19275825346112885 0.1774622892635315
0 0.560702875399361 0.2963620230700976 0.15654952076677317 0.1419698314108252
10 0.22257720979765708 0.6672582076308784 0.22790202342917998 0.13842058562555457
11 0.31576144834930775 0.11313220940550132 0.13312034078807242 0.0878438331854481
7 0.22257720979765708 0.6672582076308784 0.22790202342917998 0.13842058562555457
