3 0.600250626566416 0.7346368715083799 0.47368421052631576 0.15754189944134078
13 0.6885964912280702 0.23966480446927374 0.07393483709273183 0.1217877094972067
11 0.40726817042606517 0.1770949720670391 0.06516290726817042 0.02346368715083799
8 0.8045112781954887 0.29441340782122905 0.015037593984962405 0.01452513966480447
0 0.5989974937343359 0.346927374301676 0.18546365914786966 0.17541899441340783
3 0.600250626566416 0.7251396648044692 0.47619047619047616 0.16312849162011173
8 0.9141604010025063 0.8988826815642458 0.011278195488721804 0.012290502793296089
11 0.6190476190476191 0.20558659217877095 0.10776942355889724 0.10726256983240223
0 0.6152882205513784 0.33519553072625696 0.14536340852130325 0.15195530726256984
0 0.6203007518796992 0.33798882681564246 0.13283208020050125 0.15083798882681565
