0 0.5209235209235209 0.25196850393700787 0.23088023088023088 0.1484814398200225
0 0.5793650793650794 0.2542182227221597 0.11976911976911978 0.15748031496062992
5 0.7647907647907648 0.3025871766029246 0.19913419913419914 0.22947131608548932
3 0.6096681096681097 0.5517435320584927 0.5613275613275613 0.2013498312710911
9 0.44083694083694086 0.3998875140607424 0.22077922077922077 0.05511811023622047
9 0.46825396825396826 0.4735658042744657 0.2958152958152958 0.3847019122609674
3 0.6291486291486291 0.5236220472440944 0.5483405483405484 0.3138357705286839
2 0.12698412698412698 0.5365579302587177 0.06060606060606061 0.06299212598425197
3 0.5974025974025974 0.5556805399325084 0.5743145743145743 0.19797525309336333
0 0.512987012987013 0.2559055118110236 0.2842712842712843 0.156355455568054
