4 0.42140266021765416 0.2549638989169675 0.1124546553808948 0.15613718411552346
7 0.3730350665054414 0.25767148014440433 0.22853688029020555 0.19945848375451264
9 0.25211608222490933 0.5934115523465704 0.3349455864570738 0.06227436823104693
4 0.40386940749697703 0.3434115523465704 0.19105199516324062 0.3546931407942238
13 0.31197097944377267 0.40613718411552346 0.08222490931076179 0.048736462093862815
0 0.6493349455864571 0.31633574007220217 0.1354292623941959 0.11101083032490974
0 0.6553808948004837 0.30595667870036103 0.12091898428053205 0.08483754512635379
0 0.6505441354292624 0.3253610108303249 0.12817412333736397 0.11281588447653429
7 0.40386940749697703 0.3434115523465704 0.19105199516324062 0.3546931407942238
7 0.4316807738814994 0.34025270758122744 0.15719467956469166 0.2888086642599278
