9 0.347682119205298 0.4381139489194499 0.1390728476821192 0.14145383104125736
8 0.31346578366445915 0.5884086444007859 0.18322295805739514 0.14931237721021612
11 0.14514348785871964 0.6483300589390962 0.07836644591611479 0.16699410609037327
3 0.5783664459161147 0.6488212180746562 0.434878587196468 0.15618860510805502
0 0.5640176600441501 0.3325147347740668 0.1368653421633554 0.11296660117878192
9 0.4177704194260486 0.3236738703339882 0.08498896247240618 0.18958742632612965
7 0.347682119205298 0.4381139489194499 0.1390728476821192 0.14145383104125736
4 0.3079470198675497 0.5235756385068763 0.15894039735099338 0.26719056974459726
7 0.18432671081677704 0.6016699410609038 0.09713024282560706 0.10903732809430255
7 0.22958057395143489 0.5609037328094303 0.18101545253863136 0.25736738703339884
4 0.31346578366445915 0.5884086444007859 0.18322295805739514 0.14931237721021612
10 0.14514348785871964 0.6483300589390962 0.07836644591611479 0.16699410609037327
13 0.18432671081677704 0.6016699410609038 0.09713024282560706 0.10903732809430255
4 0.30242825607064017 0.5834970530451866 0.17218543046357615 0.16306483300589392
4 0.347682119205298 0.4381139489194499 0.1390728476821192 0.14145383104125736
7 0.30242825607064017 0.5834970530451866 0.17218543046357615 0.16306483300589392
10 0.20033112582781457 0.6635559921414538 0.2152317880794702 0.21905697445972494
10 0.15949227373068434 0.6768172888015717 0.12472406181015452 0.18467583497053044
