8 0.8118081180811808 0.5847368421052631 0.02214022140221402 0.024210526315789474
9 0.8118081180811808 0.5847368421052631 0.02214022140221402 0.024210526315789474
3 0.6082410824108241 0.7410526315789474 0.5006150061500615 0.13473684210526315
9 0.13591635916359163 0.5157894736842106 0.020910209102091022 0.016842105263157894
0 0.5731857318573186 0.3684210526315789 0.18942189421894218 0.15578947368421053
0 0.5793357933579336 0.35 0.17466174661746617 0.1231578947368421
7 0.13591635916359163 0.5157894736842106 0.020910209102091022 0.016842105263157894
3 0.6113161131611317 0.7563157894736842 0.5338253382533825 0.17789473684210527
3 0.6076260762607626 0.7657894736842106 0.4747847478474785 0.1631578947368421
0 0.5817958179581796 0.37157894736842106 0.16974169741697417 0.16631578947368422
