10 0.095703125 0.5338541666666666 0.061197916666666664 0.053125
10 0.08723958333333333 0.5348958333333333 0.06510416666666667 0.053125
13 0.80078125 0.48854166666666665 0.140625 0.03958333333333333
7 0.2649739583333333 0.5598958333333334 0.29296875 0.121875
0 0.544921875 0.34010416666666665 0.12630208333333334 0.128125
0 0.5475260416666666 0.32395833333333335 0.10807291666666667 0.09583333333333334
3 0.5559895833333334 0.5291666666666667 0.421875 0.12708333333333333
11 0.08723958333333333 0.5348958333333333 0.06510416666666667 0.053125
11 0.095703125 0.5338541666666666 0.061197916666666664 0.053125
9 0.21940104166666666 0.4973958333333333 0.18359375 0.05520833333333333
10 0.14322916666666666 0.5854166666666667 0.18489583333333334 0.10416666666666667
9 0.21940104166666666 0.5104166666666666 0.17838541666666666 0.03958333333333333
13 0.818359375 0.49322916666666666 0.11328125 0.030208333333333334
13 0.12955729166666666 0.525 0.07682291666666667 0.041666666666666664
