0 0.6106750392464678 0.31484375 0.12244897959183673 0.1171875
8 0.3029827315541601 0.29453125 0.02197802197802198 0.0234375
8 0.11067503924646782 0.76640625 0.023547880690737835 0.0234375
8 0.7378335949764521 0.75625 0.02511773940345369 0.025
8 0.18838304552590268 0.34453125 0.018838304552590265 0.0171875
8 0.8390894819466248 0.5984375 0.25274725274725274 0.428125
0 0.6177394034536892 0.31328125 0.10204081632653061 0.0953125
8 0.24960753532182103 0.50703125 0.3390894819466248 0.6984375
8 0.8100470957613815 0.56640625 0.2668759811616955 0.5359375
0 0.6106750392464678 0.328125 0.12244897959183673 0.15625
8 0.30847723704866564 0.528125 0.029827315541601257 0.028125
8 0.35243328100470955 0.35625 0.02040816326530612 0.015625
8 0.13422291993720564 0.4 0.02040816326530612 0.025
8 0.2119309262166405 0.44375 0.02511773940345369 0.021875
8 0.19544740973312402 0.2890625 0.01726844583987441 0.015625
8 0.18288854003139718 0.36640625 0.02040816326530612 0.0171875
8 0.8461538461538461 0.403125 0.018838304552590265 0.015625
8 0.206436420722135 0.36015625 0.0141287284144427 0.0140625
8 0.21664050235478807 0.49921875 0.3390894819466248 0.6171875
8 0.8461538461538461 0.70390625 0.02197802197802198 0.0234375
8 0.7982731554160125 0.46015625 0.02040816326530612 0.0203125
