13 0.27334993773349936 0.5986769570011026 0.07098381070983811 0.08158765159867695
13 0.25840597758405975 0.4928335170893054 0.23536737235367372 0.4652701212789416
6 0.2640099626400996 0.4597574421168688 0.23163138231631383 0.49173098125689085
0 0.5348692403486924 0.3434399117971334 0.12079701120797011 0.13120176405733186
3 0.5348692403486924 0.62348401323043 0.4396014943960149 0.1113561190738699
11 0.2876712328767123 0.24751929437706727 0.149439601494396 0.06945975744211687
4 0.23412204234122042 0.6025358324145534 0.136986301369863 0.12899669239250275
0 0.49564134495641343 0.3335170893054024 0.1519302615193026 0.11356119073869901
6 0.25840597758405975 0.4928335170893054 0.23536737235367372 0.4652701212789416
0 0.4838107098381071 0.340683572216097 0.18057285180572852 0.1256890848952591
4 0.24906600249066002 0.4487320837927233 0.1643835616438356 0.14553472987872107
7 0.24844333748443337 0.5468577728776185 0.18804483188044832 0.33076074972436603
