6 0.2708333333333333 0.5015625 0.25 0.271875
6 0.2591145833333333 0.521875 0.2760416666666667 0.40625
0 0.517578125 0.3385416666666667 0.12109375 0.10833333333333334
5 0.267578125 0.49375 0.25390625 0.475
5 0.2708333333333333 0.5015625 0.25 0.271875
13 0.5729166666666666 0.3463541666666667 0.036458333333333336 0.019791666666666666
5 0.68359375 0.4947916666666667 0.21875 0.4354166666666667
5 0.7122395833333334 0.5182291666666666 0.15364583333333334 0.2635416666666667
13 0.6276041666666666 0.35208333333333336 0.036458333333333336 0.01875
6 0.7122395833333334 0.5182291666666666 0.15364583333333334 0.2635416666666667
6 0.6907552083333334 0.5729166666666666 0.21484375 0.35833333333333334
