3 0.5869140625 0.6025390625 0.302734375 0.119140625
11 0.6953125 0.2041015625 0.091796875 0.0390625
11 0.4638671875 0.1943359375 0.111328125 0.03125
0 0.6162109375 0.33056640625 0.091796875 0.0947265625
3 0.58935546875 0.6044921875 0.3095703125 0.111328125
0 0.623046875 0.32666015625 0.08203125 0.0947265625
9 0.36962890625 0.59521484375 0.0205078125 0.0205078125
8 0.36962890625 0.59521484375 0.0205078125 0.0205078125
0 0.6201171875 0.32470703125 0.08203125 0.0966796875
3 0.58837890625 0.58935546875 0.2998046875 0.1435546875
