11 0.8709677419354839 0.8895558223289316 0.05865102639296188 0.07202881152460984
11 0.8665689149560117 0.8703481392557023 0.08211143695014662 0.06962785114045618
11 0.3027859237536657 0.18307322929171668 0.10410557184750734 0.06362545018007203
10 0.06598240469208211 0.8775510204081632 0.05865102639296188 0.03601440576230492
10 0.8665689149560117 0.8703481392557023 0.08211143695014662 0.06962785114045618
11 0.06598240469208211 0.8775510204081632 0.05865102639296188 0.03601440576230492
11 0.749266862170088 0.2070828331332533 0.08504398826979472 0.04201680672268908
10 0.8709677419354839 0.8895558223289316 0.05865102639296188 0.07202881152460984
11 0.32111436950146627 0.1836734693877551 0.10850439882697947 0.03601440576230492
0 0.5777126099706745 0.3547418967587035 0.10557184750733138 0.09483793517406963
