10 0.283203125 0.4677734375 0.220703125 0.22265625
13 0.333984375 0.205078125 0.185546875 0.208984375
13 0.314453125 0.216796875 0.189453125 0.203125
10 0.21044921875 0.48388671875 0.1103515625 0.1591796875
13 0.328125 0.20654296875 0.2109375 0.2197265625
10 0.2763671875 0.49755859375 0.201171875 0.1728515625
13 0.64990234375 0.21533203125 0.1708984375 0.2275390625
13 0.6552734375 0.21728515625 0.15234375 0.2060546875
7 0.29345703125 0.47802734375 0.2041015625 0.0732421875
6 0.6552734375 0.21728515625 0.15234375 0.2060546875
7 0.31640625 0.4375 0.19921875 0.107421875
13 0.658203125 0.19775390625 0.158203125 0.1943359375
6 0.333984375 0.205078125 0.185546875 0.208984375
