0 0.5780542986425339 0.3830010493179433 0.14705882352941177 0.13641133263378805
11 0.3088235294117647 0.17785939139559287 0.14705882352941177 0.03462749213011543
11 0.6397058823529411 0.18782791185729275 0.10972850678733032 0.023084994753410283
0 0.5865384615384616 0.3845750262329486 0.1346153846153846 0.13326337880377753
11 0.7822398190045249 0.24554039874081846 0.0667420814479638 0.09024134312696747
2 0.8359728506787331 0.5802728226652676 0.013574660633484163 0.01049317943336831
0 0.6006787330316742 0.3709338929695698 0.09728506787330317 0.09758656873032528
3 0.6102941176470589 0.710912906610703 0.4106334841628959 0.16684155299055614
11 0.29581447963800905 0.21196222455403987 0.19570135746606335 0.11542497376705142
3 0.6063348416289592 0.7040923399790137 0.4253393665158371 0.15949632738719832
