11 0.706855791962175 0.1630859375 0.2789598108747045 0.142578125
4 0.7316784869976359 0.23876953125 0.18439716312056736 0.1865234375
13 0.7304964539007093 0.23193359375 0.1702127659574468 0.2138671875
6 0.7174940898345153 0.2333984375 0.22695035460992907 0.1796875
11 0.8356973995271868 0.5751953125 0.10874704491725769 0.189453125
10 0.8209219858156028 0.58349609375 0.16430260047281323 0.1689453125
10 0.8528368794326241 0.5732421875 0.09574468085106383 0.15625
13 0.22458628841607564 0.35205078125 0.10874704491725769 0.0537109375
10 0.8356973995271868 0.5751953125 0.10874704491725769 0.189453125
13 0.23108747044917258 0.34912109375 0.08628841607565012 0.0498046875
4 0.7523640661938534 0.1962890625 0.1430260047281324 0.095703125
0 0.6170212765957447 0.267578125 0.13002364066193853 0.103515625
13 0.7316784869976359 0.23876953125 0.18439716312056736 0.1865234375
6 0.23167848699763594 0.39794921875 0.0851063829787234 0.1708984375
13 0.7174940898345153 0.2333984375 0.22695035460992907 0.1796875
