2 0.5983796296296297 0.371272365805169 0.018518518518518517 0.0268389662027833
11 0.8929398148148148 0.7360834990059643 0.05439814814814815 0.1143141153081511
0 0.5925925925925926 0.31560636182902585 0.12037037037037036 0.09244532803180915
0 0.5873842592592593 0.33151093439363816 0.13773148148148148 0.1242544731610338
0 0.5954861111111112 0.33101391650099404 0.1099537037037037 0.1272365805168986
3 0.5688657407407407 0.6421471172962226 0.4340277777777778 0.13518886679920478
10 0.8929398148148148 0.7360834990059643 0.05439814814814815 0.1143141153081511
9 0.13194444444444445 0.7047713717693836 0.1550925925925926 0.14910536779324055
13 0.40335648148148145 0.5173956262425448 0.05439814814814815 0.06063618290258449
11 0.6377314814814815 0.16998011928429424 0.1087962962962963 0.039761431411530816
