10 0.7609970674486803 0.5456182472989196 0.06744868035190615 0.08043217286914765
3 0.5139296187683284 0.5084033613445378 0.3973607038123167 0.11404561824729892
0 0.5102639296187683 0.27791116446578634 0.08797653958944282 0.07563025210084033
3 0.5183284457478006 0.4969987995198079 0.3885630498533724 0.09123649459783914
9 0.42888563049853373 0.4645858343337335 0.1627565982404692 0.37695078031212487
9 0.41715542521994137 0.40756302521008403 0.1217008797653959 0.34933973589435774
11 0.7536656891495601 0.5414165666266506 0.04985337243401759 0.0744297719087635
3 0.5234604105571847 0.49819927971188477 0.3812316715542522 0.09603841536614646
0 0.5021994134897361 0.28331332533013204 0.09237536656891496 0.0744297719087635
11 0.7609970674486803 0.5456182472989196 0.06744868035190615 0.08043217286914765
13 0.7609970674486803 0.5456182472989196 0.06744868035190615 0.08043217286914765
9 0.43841642228739003 0.4141656662665066 0.16422287390029325 0.3985594237695078
10 0.7536656891495601 0.5414165666266506 0.04985337243401759 0.0744297719087635
