5 0.7415364583333334 0.45 0.15234375 0.22083333333333333
6 0.7506510416666666 0.4734375 0.16536458333333334 0.17395833333333333
6 0.2799479166666667 0.4583333333333333 0.22135416666666666 0.20416666666666666
5 0.30078125 0.4192708333333333 0.2734375 0.2677083333333333
0 0.5729166666666666 0.3421875 0.08854166666666667 0.07604166666666666
3 0.5787760416666666 0.546875 0.4075520833333333 0.13333333333333333
5 0.2747395833333333 0.44895833333333335 0.15625 0.20625
0 0.5631510416666666 0.346875 0.11588541666666667 0.08541666666666667
3 0.5846354166666666 0.5640625 0.4140625 0.12604166666666666
3 0.5865885416666666 0.5588541666666667 0.4127604166666667 0.134375
0 0.5475260416666666 0.3359375 0.11848958333333333 0.065625
