3 0.5830078125 0.51123046875 0.302734375 0.0849609375
9 0.53564453125 0.2724609375 0.0908203125 0.1796875
9 0.50732421875 0.27099609375 0.0556640625 0.1220703125
0 0.634765625 0.3251953125 0.125 0.1171875
3 0.58740234375 0.50439453125 0.3154296875 0.1142578125
13 0.4091796875 0.4541015625 0.080078125 0.056640625
0 0.6318359375 0.349609375 0.13671875 0.150390625
0 0.63427734375 0.3193359375 0.1298828125 0.109375
13 0.7666015625 0.28271484375 0.046875 0.0576171875
13 0.4130859375 0.45947265625 0.078125 0.0673828125
13 0.40087890625 0.44921875 0.0693359375 0.06640625
