9 0.732421875 0.6833333333333333 0.13151041666666666 0.03333333333333333
10 0.8561197916666666 0.71875 0.02734375 0.09166666666666666
11 0.8561197916666666 0.71875 0.02734375 0.09166666666666666
13 0.6497395833333334 0.4828125 0.09114583333333333 0.03854166666666667
6 0.7389322916666666 0.6119791666666666 0.21744791666666666 0.20520833333333333
7 0.8033854166666666 0.56875 0.059895833333333336 0.07291666666666667
11 0.853515625 0.7401041666666667 0.029947916666666668 0.019791666666666666
0 0.5572916666666666 0.3859375 0.11458333333333333 0.09479166666666666
6 0.7623697916666666 0.5880208333333333 0.12630208333333334 0.109375
13 0.7076822916666666 0.6604166666666667 0.048177083333333336 0.04583333333333333
2 0.5872395833333334 0.39010416666666664 0.0390625 0.042708333333333334
