0 0.5849609375 0.32568359375 0.134765625 0.1318359375
4 0.33837890625 0.57958984375 0.2373046875 0.2744140625
11 0.24365234375 0.5927734375 0.0283203125 0.154296875
13 0.36669921875 0.21533203125 0.0771484375 0.0322265625
0 0.58349609375 0.3203125 0.1357421875 0.150390625
10 0.33740234375 0.6845703125 0.2333984375 0.087890625
6 0.298828125 0.5009765625 0.109375 0.10546875
7 0.34423828125 0.54443359375 0.2431640625 0.2646484375
4 0.34423828125 0.54443359375 0.2431640625 0.2646484375
7 0.33837890625 0.57958984375 0.2373046875 0.2744140625
11 0.373046875 0.1787109375 0.146484375 0.10546875
0 0.5966796875 0.31640625 0.107421875 0.13671875
4 0.35009765625 0.55615234375 0.1748046875 0.2412109375
13 0.29638671875 0.49365234375 0.1005859375 0.0791015625
