11 0.10749185667752444 0.8823268206039077 0.07600434310532031 0.07548845470692718
11 0.11454940282301845 0.8885435168738899 0.04451682953311618 0.041740674955595025
11 0.10912052117263844 0.866785079928952 0.06840390879478828 0.08880994671403197
11 0.8892508143322475 0.8481349911190054 0.08903365906623235 0.07104795737122557
10 0.11454940282301845 0.8885435168738899 0.04451682953311618 0.041740674955595025
10 0.9077090119435396 0.8414742451154529 0.03908794788273615 0.020426287744227355
10 0.10749185667752444 0.8823268206039077 0.07600434310532031 0.07548845470692718
7 0.2953311617806732 0.23978685612788633 0.3561346362649294 0.261101243339254
11 0.9077090119435396 0.8414742451154529 0.03908794788273615 0.020426287744227355
6 0.2676438653637351 0.23978685612788633 0.26601520086862107 0.24156305506216696
10 0.8979370249728555 0.8197158081705151 0.0781758957654723 0.08348134991119005
4 0.2953311617806732 0.23978685612788633 0.3561346362649294 0.261101243339254
13 0.2953311617806732 0.23978685612788633 0.3561346362649294 0.261101243339254
4 0.28338762214983715 0.2357904085257549 0.256243213897937 0.27087033747779754
13 0.28338762214983715 0.2357904085257549 0.256243213897937 0.27087033747779754
10 0.10912052117263844 0.866785079928952 0.06840390879478828 0.08880994671403197
10 0.8892508143322475 0.8481349911190054 0.08903365906623235 0.07104795737122557
11 0.8979370249728555 0.8197158081705151 0.0781758957654723 0.08348134991119005
13 0.2676438653637351 0.23978685612788633 0.26601520086862107 0.24156305506216696
