6 0.8020833333333334 0.5265625 0.17708333333333334 0.128125
7 0.2623697916666667 0.6057291666666667 0.24348958333333334 0.14479166666666668
4 0.2623697916666667 0.6057291666666667 0.24348958333333334 0.14479166666666668
6 0.7805989583333334 0.525 0.16536458333333334 0.11875
4 0.275390625 0.5973958333333333 0.18098958333333334 0.14479166666666668
6 0.14973958333333334 0.5880208333333333 0.14583333333333334 0.140625
7 0.2265625 0.5963541666666666 0.2838541666666667 0.16354166666666667
7 0.8020833333333334 0.5265625 0.17708333333333334 0.128125
6 0.7903645833333334 0.5291666666666667 0.14583333333333334 0.14583333333333334
13 0.6770833333333334 0.5041666666666667 0.0390625 0.01875
