7 0.4326171875 0.1640625 0.046875 0.0703125
11 0.6884765625 0.1669921875 0.056640625 0.0546875
0 0.55078125 0.2646484375 0.083984375 0.09375
13 0.408203125 0.15673828125 0.1015625 0.0498046875
7 0.60595703125 0.146484375 0.0556640625 0.04296875
13 0.60986328125 0.1552734375 0.0419921875 0.052734375
11 0.35693359375 0.16357421875 0.0712890625 0.0576171875
7 0.408203125 0.15673828125 0.1015625 0.0498046875
0 0.55810546875 0.27587890625 0.0810546875 0.1044921875
13 0.60595703125 0.146484375 0.0556640625 0.04296875
9 0.408203125 0.15673828125 0.1015625 0.0498046875
9 0.60595703125 0.146484375 0.0556640625 0.04296875
