0 0.6064593301435407 0.31584948688711517 0.13636363636363635 0.15051311288483465
10 0.8361244019138756 0.7041049030786773 0.1291866028708134 0.15849486887115166
3 0.5472488038277512 0.6750285062713797 0.5633971291866029 0.12770809578107184
0 0.6291866028708134 0.3209806157354618 0.09330143540669857 0.1379703534777651
10 0.8438995215311005 0.6761687571265679 0.13516746411483255 0.12998859749144812
10 0.08552631578947369 0.7622576966932725 0.08014354066985646 0.13340935005701254
10 0.18361244019138756 0.709806157354618 0.25 0.19726339794754846
10 0.8229665071770335 0.701824401368301 0.18181818181818182 0.15849486887115166
3 0.5143540669856459 0.685860889395667 0.5191387559808612 0.18586088939566706
3 0.5322966507177034 0.6602052451539339 0.5334928229665071 0.16875712656784492
0 0.6022727272727273 0.3563283922462942 0.15430622009569378 0.233751425313569
10 0.12679425837320574 0.7405929304446979 0.13636363636363635 0.10148232611174458
