9 0.2708333333333333 0.5078125 0.16145833333333334 0.17604166666666668
9 0.7154947916666666 0.340625 0.17317708333333334 0.22083333333333333
3 0.5325520833333334 0.6989583333333333 0.5885416666666666 0.18333333333333332
10 0.85546875 0.8776041666666666 0.041666666666666664 0.042708333333333334
3 0.5364583333333334 0.6828125 0.5703125 0.23229166666666667
11 0.85546875 0.8776041666666666 0.041666666666666664 0.042708333333333334
10 0.072265625 0.8348958333333333 0.037760416666666664 0.04895833333333333
3 0.5397135416666666 0.6557291666666667 0.56640625 0.28020833333333334
11 0.072265625 0.8348958333333333 0.037760416666666664 0.04895833333333333
9 0.24869791666666666 0.2916666666666667 0.23177083333333334 0.1625
