8 0.6299254526091587 0.3674752920035939 0.1799787007454739 0.21024258760107817
13 0.8258785942492013 0.678796046720575 0.04792332268370607 0.047619047619047616
10 0.8668796592119276 0.7174303683737646 0.04898828541001065 0.0637915543575921
0 0.5804046858359957 0.4389038634321653 0.15335463258785942 0.18598382749326145
0 0.5585729499467519 0.44878706199460916 0.19914802981895632 0.20215633423180593
13 0.8242811501597445 0.6841868823000898 0.05750798722044728 0.047619047619047616
8 0.6086261980830671 0.38095238095238093 0.22044728434504793 0.23180592991913745
0 0.5899893503727369 0.4330637915543576 0.14909478168264112 0.1761006289308176
4 0.6017039403620873 0.3607367475292004 0.2321618743343983 0.23809523809523808
11 0.8668796592119276 0.7174303683737646 0.04898828541001065 0.0637915543575921
13 0.829073482428115 0.6765498652291105 0.06283280085197018 0.04672057502246182
3 0.5676251331203408 0.7403414195867026 0.44515441959531415 0.13836477987421383
8 0.6017039403620873 0.3607367475292004 0.2321618743343983 0.23809523809523808
9 0.8258785942492013 0.678796046720575 0.04792332268370607 0.047619047619047616
