3 0.6293103448275862 0.7024940617577197 0.4241379310344828 0.12707838479809977
0 0.6028735632183908 0.41152019002375295 0.10689655172413794 0.13895486935866982
0 0.6074712643678161 0.4180522565320665 0.10229885057471265 0.1496437054631829
13 0.3017241379310345 0.3818289786223278 0.04482758620689655 0.05344418052256532
3 0.6241379310344828 0.6977434679334917 0.4114942528735632 0.11045130641330166
13 0.3425287356321839 0.6442992874109263 0.09195402298850575 0.11757719714964371
0 0.6126436781609196 0.4026128266033254 0.08505747126436781 0.1163895486935867
13 0.36149425287356324 0.6520190023752969 0.06091954022988506 0.1021377672209026
13 0.35804597701149427 0.6466745843230404 0.07701149425287357 0.09382422802850356
3 0.6298850574712643 0.6923990498812351 0.4367816091954023 0.1330166270783848
13 0.2913793103448276 0.3693586698337292 0.047126436781609195 0.057007125890736345
