11 0.11330049261083744 0.7732984293193718 0.05665024630541872 0.061780104712041886
0 0.5892857142857143 0.2926701570680628 0.1268472906403941 0.11832460732984293
5 0.8195812807881774 0.5884816753926702 0.1687192118226601 0.3204188481675393
11 0.11637931034482758 0.7952879581151833 0.06280788177339902 0.08481675392670157
11 0.11514778325123153 0.7785340314136125 0.05295566502463054 0.06806282722513089
0 0.5929802955665024 0.2780104712041885 0.10714285714285714 0.08691099476439791
10 0.11514778325123153 0.7785340314136125 0.05295566502463054 0.06806282722513089
10 0.11330049261083744 0.7732984293193718 0.05665024630541872 0.061780104712041886
11 0.24568965517241378 0.15392670157068064 0.11945812807881774 0.11727748691099477
10 0.11637931034482758 0.7952879581151833 0.06280788177339902 0.08481675392670157
