13 0.6775442477876106 0.2271889400921659 0.10951327433628319 0.16866359447004609
0 0.5625 0.2995391705069124 0.12278761061946902 0.1271889400921659
10 0.1338495575221239 0.7161290322580646 0.030973451327433628 0.060829493087557605
13 0.3202433628318584 0.2511520737327189 0.19358407079646017 0.11705069124423963
11 0.1338495575221239 0.7161290322580646 0.030973451327433628 0.060829493087557605
1 0.3407079646017699 0.17465437788018434 0.18584070796460178 0.09308755760368663
1 0.32079646017699115 0.2608294930875576 0.17920353982300885 0.20276497695852536
2 0.5978982300884956 0.2732718894009217 0.025442477876106196 0.03778801843317972
13 0.32079646017699115 0.2608294930875576 0.17920353982300885 0.20276497695852536
13 0.3125 0.23179723502304148 0.2002212389380531 0.14838709677419354
11 0.3528761061946903 0.1534562211981567 0.1747787610619469 0.041474654377880185
13 0.7074115044247787 0.2391705069124424 0.12057522123893805 0.11705069124423963
13 0.6935840707964602 0.24608294930875577 0.07079646017699115 0.12350230414746544
9 0.9131637168141593 0.1912442396313364 0.11393805309734513 0.12442396313364056
