3 0.509765625 0.55625 0.4466145833333333 0.15416666666666667
10 0.169921875 0.5171875 0.21484375 0.15520833333333334
13 0.17513020833333334 0.371875 0.15755208333333334 0.0375
13 0.177734375 0.3651041666666667 0.16276041666666666 0.046875
0 0.5455729166666666 0.3171875 0.15104166666666666 0.09479166666666666
10 0.17643229166666666 0.546875 0.17317708333333334 0.15208333333333332
13 0.392578125 0.1546875 0.08463541666666667 0.08854166666666667
0 0.5618489583333334 0.32864583333333336 0.12630208333333334 0.09479166666666666
13 0.18619791666666666 0.371875 0.14583333333333334 0.04583333333333333
6 0.17838541666666666 0.4828125 0.11197916666666667 0.071875
10 0.24869791666666666 0.5697916666666667 0.359375 0.14166666666666666
0 0.5638020833333334 0.3234375 0.11979166666666667 0.103125
13 0.3138020833333333 0.2359375 0.11458333333333333 0.196875
