7 0.28532608695652173 0.4252232142857143 0.296195652173913 0.29910714285714285
10 0.7927989130434783 0.6160714285714286 0.28940217391304346 0.359375
3 0.5509510869565217 0.6551339285714286 0.5720108695652174 0.22098214285714285
7 0.297554347826087 0.6735491071428571 0.37771739130434784 0.25111607142857145
9 0.40896739130434784 0.3716517857142857 0.1331521739130435 0.33035714285714285
10 0.7506793478260869 0.45145089285714285 0.4633152173913043 0.6149553571428571
7 0.7622282608695652 0.6194196428571429 0.4375 0.4107142857142857
4 0.2873641304347826 0.4341517857142857 0.2921195652173913 0.265625
7 0.2751358695652174 0.5329241071428571 0.2758152173913043 0.43191964285714285
10 0.7622282608695652 0.6194196428571429 0.4375 0.4107142857142857
7 0.6983695652173914 0.3515625 0.22826086956521738 0.27901785714285715
