8 0.859375 0.5705765407554672 0.03125 0.03578528827037773
13 0.8535879629629629 0.6018886679920478 0.06597222222222222 0.10238568588469185
11 0.3726851851851852 0.17594433399602386 0.09259259259259259 0.033797216699801194
10 0.08622685185185185 0.889662027833002 0.061342592592592594 0.06560636182902585
10 0.8697916666666666 0.8767395626242545 0.06828703703703703 0.09343936381709742
10 0.8726851851851852 0.8936381709741551 0.08796296296296297 0.11133200795228629
9 0.8553240740740741 0.570079522862823 0.037037037037037035 0.030815109343936383
10 0.8663194444444444 0.8881709741550696 0.07291666666666667 0.08846918489065607
11 0.08969907407407407 0.8866799204771372 0.06365740740740741 0.08946322067594434
13 0.2534722222222222 0.4150099403578529 0.14814814814814814 0.06063618290258449
9 0.2181712962962963 0.30318091451292245 0.04976851851851852 0.03578528827037773
10 0.08969907407407407 0.8866799204771372 0.06365740740740741 0.08946322067594434
11 0.08622685185185185 0.889662027833002 0.061342592592592594 0.06560636182902585
11 0.8697916666666666 0.8767395626242545 0.06828703703703703 0.09343936381709742
13 0.8553240740740741 0.570079522862823 0.037037037037037035 0.030815109343936383
11 0.8726851851851852 0.8936381709741551 0.08796296296296297 0.11133200795228629
11 0.8663194444444444 0.8881709741550696 0.07291666666666667 0.08846918489065607
13 0.2309027777777778 0.40556660039761433 0.1261574074074074 0.02982107355864811
13 0.30324074074074076 0.40606361829025844 0.1712962962962963 0.05069582504970179
