13 0.31103515625 0.30029296875 0.2041015625 0.3720703125
7 0.31103515625 0.30029296875 0.2041015625 0.3720703125
11 0.63232421875 0.1298828125 0.1416015625 0.05859375
0 0.568359375 0.279296875 0.1015625 0.1015625
11 0.65380859375 0.14453125 0.1806640625 0.087890625
11 0.666015625 0.19189453125 0.228515625 0.1513671875
11 0.1357421875 0.70556640625 0.033203125 0.0498046875
4 0.6943359375 0.19873046875 0.123046875 0.1181640625
7 0.69482421875 0.3896484375 0.1708984375 0.30859375
4 0.69580078125 0.2109375 0.1240234375 0.115234375
4 0.32861328125 0.2490234375 0.2587890625 0.283203125
11 0.13525390625 0.71435546875 0.0283203125 0.0380859375
6 0.3076171875 0.27685546875 0.171875 0.2626953125
9 0.48095703125 0.16357421875 0.0771484375 0.1455078125
7 0.6650390625 0.39599609375 0.23828125 0.3955078125
7 0.3076171875 0.27685546875 0.171875 0.2626953125
5 0.6650390625 0.39599609375 0.23828125 0.3955078125
10 0.1455078125 0.7080078125 0.037109375 0.0390625
0 0.55419921875 0.29296875 0.1123046875 0.134765625
11 0.1455078125 0.7080078125 0.037109375 0.0390625
13 0.32861328125 0.2490234375 0.2587890625 0.283203125
6 0.69482421875 0.3896484375 0.1708984375 0.30859375
0 0.56103515625 0.2939453125 0.0927734375 0.119140625
1 0.32861328125 0.2490234375 0.2587890625 0.283203125
6 0.32861328125 0.2490234375 0.2587890625 0.283203125
6 0.68798828125 0.26806640625 0.2177734375 0.2587890625
10 0.13525390625 0.71435546875 0.0283203125 0.0380859375
10 0.1357421875 0.70556640625 0.033203125 0.0498046875
13 0.68798828125 0.26806640625 0.2177734375 0.2587890625
5 0.31103515625 0.30029296875 0.2041015625 0.3720703125
