11 0.1130298273155416 0.8716755319148937 0.08791208791208792 0.08643617021276596
11 0.33437990580847726 0.14960106382978725 0.16012558869701726 0.0625
9 0.8916797488226059 0.785904255319149 0.04081632653061224 0.1196808510638298
11 0.7205651491365777 0.18683510638297873 0.1978021978021978 0.10505319148936171
10 0.12009419152276295 0.8503989361702128 0.08948194662480377 0.07047872340425532
10 0.1130298273155416 0.8716755319148937 0.08791208791208792 0.08643617021276596
11 0.11695447409733124 0.8743351063829787 0.0423861852433281 0.07313829787234043
13 0.6766091051805337 0.2047872340425532 0.10047095761381476 0.09840425531914894
11 0.30376766091051804 0.1449468085106383 0.2621664050235479 0.09308510638297872
13 0.4003139717425432 0.1702127659574468 0.059654631083202514 0.07180851063829788
11 0.12009419152276295 0.8503989361702128 0.08948194662480377 0.07047872340425532
11 0.260596546310832 0.7347074468085106 0.08163265306122448 0.0678191489361702
11 0.3618524332810047 0.1309840425531915 0.11145996860282574 0.03590425531914894
11 0.6923076923076923 0.15691489361702127 0.17896389324960754 0.061170212765957445
