13 0.31671554252199413 0.2778409090909091 0.31378299120234604 0.22840909090909092
11 0.7155425219941349 0.14659090909090908 0.1348973607038123 0.05454545454545454
11 0.30718475073313783 0.1715909090909091 0.14222873900293256 0.09772727272727273
13 0.8585043988269795 0.35 0.10117302052785923 0.06136363636363636
0 0.5850439882697948 0.3392045454545455 0.10850439882697947 0.09204545454545454
11 0.7074780058651027 0.1380681818181818 0.15102639296187684 0.042045454545454546
13 0.6854838709677419 0.18693181818181817 0.1217008797653959 0.08295454545454546
7 0.3035190615835777 0.17272727272727273 0.1378299120234604 0.1
13 0.7595307917888563 0.2863636363636364 0.2991202346041056 0.2727272727272727
13 0.8533724340175953 0.29147727272727275 0.0967741935483871 0.13068181818181818
13 0.33651026392961875 0.21079545454545454 0.22434017595307917 0.12613636363636363
11 0.30425219941348974 0.16079545454545455 0.1744868035190616 0.10340909090909091
13 0.6678885630498533 0.22954545454545455 0.08651026392961877 0.1590909090909091
