13 0.313179347826087 0.28515625 0.22418478260869565 0.17522321428571427
10 0.842391304347826 0.7075892857142857 0.07065217391304347 0.10491071428571429
13 0.33152173913043476 0.32254464285714285 0.22282608695652173 0.20758928571428573
7 0.78125 0.6579241071428571 0.14402173913043478 0.17075892857142858
7 0.7567934782608695 0.43638392857142855 0.1956521739130435 0.20758928571428573
11 0.688858695652174 0.265625 0.2826086956521739 0.21205357142857142
1 0.7133152173913043 0.47935267857142855 0.3342391304347826 0.6082589285714286
13 0.7567934782608695 0.43638392857142855 0.1956521739130435 0.20758928571428573
11 0.3267663043478261 0.18303571428571427 0.15896739130434784 0.07142857142857142
11 0.842391304347826 0.7075892857142857 0.07065217391304347 0.10491071428571429
7 0.6956521739130435 0.41908482142857145 0.28532608695652173 0.5412946428571429
13 0.31997282608695654 0.27064732142857145 0.24864130434782608 0.26674107142857145
10 0.8362771739130435 0.7204241071428571 0.10190217391304347 0.12165178571428571
1 0.6956521739130435 0.41908482142857145 0.28532608695652173 0.5412946428571429
1 0.31997282608695654 0.27064732142857145 0.24864130434782608 0.26674107142857145
10 0.7133152173913043 0.47935267857142855 0.3342391304347826 0.6082589285714286
11 0.328804347826087 0.17912946428571427 0.14945652173913043 0.07254464285714286
