11 0.27712609970674484 0.2070828331332533 0.14076246334310852 0.06362545018007203
11 0.16348973607038123 0.5366146458583433 0.07771260997067449 0.33373349339735897
3 0.6063049853372434 0.6968787515006002 0.48240469208211145 0.20528211284513806
11 0.30058651026392963 0.2064825930372149 0.1348973607038123 0.062424969987995196
7 0.2866568914956012 0.7647058823529411 0.2595307917888563 0.15126050420168066
10 0.13856304985337242 0.7244897959183674 0.14809384164222875 0.12364945978391356
7 0.29178885630498536 0.7611044417767107 0.2668621700879765 0.148859543817527
10 0.2653958944281525 0.6188475390156063 0.36363636363636365 0.5198079231692677
11 0.2653958944281525 0.6188475390156063 0.36363636363636365 0.5198079231692677
10 0.24926686217008798 0.7953181272509003 0.3196480938416422 0.16686674669867949
11 0.156158357771261 0.5498199279711885 0.08064516129032258 0.34813925570228094
