1 0.5716145833333334 0.25052083333333336 0.2265625 0.08854166666666667
13 0.59765625 0.35 0.3125 0.31666666666666665
10 0.7428385416666666 0.5453125 0.09765625 0.08645833333333333
11 0.59765625 0.35 0.3125 0.31666666666666665
13 0.5950520833333334 0.3484375 0.18229166666666666 0.209375
11 0.7662760416666666 0.55 0.048177083333333336 0.10416666666666667
11 0.599609375 0.28489583333333335 0.2799479166666667 0.190625
7 0.6256510416666666 0.3145833333333333 0.17317708333333334 0.10208333333333333
7 0.59765625 0.35 0.3125 0.31666666666666665
10 0.7662760416666666 0.55 0.048177083333333336 0.10416666666666667
