0 0.5514372163388804 0.3746684350132626 0.12556732223903178 0.09681697612732096
8 0.7549167927382754 0.3275862068965517 0.0907715582450832 0.11936339522546419
3 0.5317700453857791 0.6206896551724138 0.42208774583963693 0.14058355437665782
3 0.5453857791225416 0.6392572944297082 0.4523449319213313 0.07957559681697612
3 0.5438729198184569 0.656498673740053 0.4341906202723147 0.1246684350132626
0 0.5438729198184569 0.38925729442970824 0.14977307110438728 0.1259946949602122
13 0.23373676248108927 0.366710875331565 0.01361573373676248 0.014588859416445624
0 0.5612708018154312 0.3859416445623342 0.11497730711043873 0.11405835543766578
9 0.170196671709531 0.3063660477453581 0.04387291981845688 0.09814323607427056
9 0.7481089258698941 0.33090185676392575 0.07110438729198185 0.11007957559681697
8 0.20574886535552195 0.32161803713527853 0.07866868381240545 0.11803713527851459
