1 0.2855 0.45507246376811594 0.351 0.6125603864734299
7 0.1955 0.4449275362318841 0.131 0.3391304347826087
11 0.754 0.1932367149758454 0.088 0.10434782608695652
10 0.2755 0.6647342995169082 0.275 0.16231884057971013
2 0.644 0.20772946859903382 0.136 0.10241545893719807
4 0.354 0.4434782608695652 0.194 0.37294685990338167
7 0.277 0.6371980676328503 0.19 0.1072463768115942
1 0.3205 0.28840579710144926 0.159 0.32367149758454106
2 0.212 0.4927536231884058 0.086 0.20096618357487922
10 0.239 0.7106280193236715 0.22 0.18647342995169083
1 0.3035 0.1855072463768116 0.179 0.19130434782608696
8 0.7885 0.5246376811594203 0.031 0.028985507246376812
10 0.2855 0.45507246376811594 0.351 0.6125603864734299
8 0.194 0.5642512077294686 0.038 0.03671497584541063
1 0.701 0.18164251207729468 0.166 0.15845410628019324
2 0.217 0.4777777777777778 0.09 0.19033816425120773
7 0.319 0.20676328502415459 0.21 0.21256038647342995
8 0.784 0.523671497584541 0.032 0.04057971014492753
13 0.664 0.24492753623188407 0.166 0.16521739130434782
7 0.2855 0.45507246376811594 0.351 0.6125603864734299
13 0.644 0.20772946859903382 0.136 0.10241545893719807
13 0.673 0.2400966183574879 0.192 0.24057971014492754
7 0.673 0.2400966183574879 0.192 0.24057971014492754
13 0.7015 0.28019323671497587 0.153 0.13719806763285025
2 0.6585 0.21256038647342995 0.133 0.0966183574879227
2 0.7835 0.5231884057971015 0.035 0.04154589371980676
13 0.236 0.4038647342995169 0.128 0.14492753623188406
13 0.277 0.6371980676328503 0.19 0.1072463768115942
