11 0.27175925925925926 0.22701149425287356 0.10462962962962963 0.15517241379310345
13 0.34305555555555556 0.7327586206896551 0.08981481481481482 0.10919540229885058
13 0.34444444444444444 0.7370689655172413 0.07222222222222222 0.1082375478927203
0 0.5768518518518518 0.3381226053639847 0.09444444444444444 0.11494252873563218
10 0.2162037037037037 0.8433908045977011 0.06388888888888888 0.06992337164750957
13 0.31805555555555554 0.7452107279693486 0.13425925925925927 0.1360153256704981
0 0.5726851851851852 0.3472222222222222 0.10462962962962963 0.15229885057471265
10 0.22361111111111112 0.8419540229885057 0.06574074074074074 0.06513409961685823
13 0.34120370370370373 0.3232758620689655 0.18055555555555555 0.2921455938697318
0 0.5768518518518518 0.3524904214559387 0.10740740740740741 0.13984674329501914
11 0.21851851851851853 0.8457854406130269 0.053703703703703705 0.06130268199233716
11 0.2916666666666667 0.21599616858237547 0.12777777777777777 0.16379310344827586
11 0.31342592592592594 0.2078544061302682 0.1824074074074074 0.18582375478927204
13 0.32175925925925924 0.33045977011494254 0.14537037037037037 0.2567049808429119
11 0.22361111111111112 0.8419540229885057 0.06574074074074074 0.06513409961685823
13 0.3263888888888889 0.34770114942528735 0.14907407407407408 0.29118773946360155
10 0.21851851851851853 0.8457854406130269 0.053703703703703705 0.06130268199233716
