10 0.11675977653631285 0.6659012629161883 0.16871508379888267 0.14695752009184845
11 0.7374301675977654 0.1727898966704937 0.08268156424581005 0.06314580941446613
11 0.27262569832402234 0.18312284730195177 0.12737430167597766 0.060849598163030996
11 0.25251396648044694 0.2026406429391504 0.2435754189944134 0.15958668197474168
0 0.5558659217877095 0.3467278989667049 0.15307262569832403 0.16303099885189437
5 0.27430167597765365 0.4862227324913892 0.2737430167597765 0.5246842709529277
11 0.7189944134078212 0.17623421354764637 0.1329608938547486 0.14580941446613088
13 0.7189944134078212 0.17623421354764637 0.1329608938547486 0.14580941446613088
11 0.07039106145251396 0.6584385763490241 0.12960893854748604 0.2835820895522388
10 0.10782122905027933 0.7611940298507462 0.21564245810055865 0.26406429391504016
5 0.7156424581005587 0.5384615384615384 0.3005586592178771 0.5028702640642939
