13 0.6797432239657631 0.22942643391521197 0.18972895863052783 0.16708229426433915
8 0.14835948644793154 0.8067331670822943 0.008559201141226819 0.007481296758104738
8 0.1383737517831669 0.527431421446384 0.03138373751783167 0.014962593516209476
8 0.11126961483594865 0.8354114713216958 0.008559201141226819 0.007481296758104738
13 0.28245363766048504 0.24750623441396508 0.19686162624821682 0.21571072319201995
7 0.7082738944365192 0.2562344139650873 0.10128388017118402 0.10349127182044887
8 0.2781740370898716 0.2655860349127182 0.042796005706134094 0.029925187032418952
13 0.6604850213980028 0.2119700748129676 0.2253922967189729 0.18703241895261846
13 0.2689015691868759 0.27680798004987534 0.1355206847360913 0.14713216957605985
13 0.23395149786019973 0.2674563591022444 0.25392296718972895 0.19326683291770574
