7 0.20388349514563106 0.6694078947368421 0.2645631067961165 0.32785087719298245
7 0.8786407766990292 0.7039473684210527 0.1553398058252427 0.23684210526315788
9 0.3962378640776699 0.40131578947368424 0.08616504854368932 0.17763157894736842
10 0.06856796116504854 0.8245614035087719 0.0983009708737864 0.16666666666666666
3 0.5552184466019418 0.7050438596491229 0.5885922330097088 0.23684210526315788
7 0.17233009708737865 0.6847587719298246 0.20145631067961164 0.24671052631578946
3 0.5412621359223301 0.694078947368421 0.5922330097087378 0.12719298245614036
3 0.5509708737864077 0.7543859649122807 0.6092233009708737 0.30701754385964913
10 0.8822815533980582 0.7072368421052632 0.10194174757281553 0.19517543859649122
10 0.8756067961165048 0.7225877192982456 0.154126213592233 0.20175438596491227
