7 0.3330197554092192 0.4157303370786517 0.28410159924741296 0.4044943820224719
7 0.3692380056444026 0.324438202247191 0.187206020696143 0.1151685393258427
9 0.27845719661335844 0.5411985018726592 0.12605832549388524 0.10112359550561797
10 0.29115710253998117 0.6788389513108615 0.31138287864534336 0.31086142322097376
4 0.3330197554092192 0.4157303370786517 0.28410159924741296 0.4044943820224719
7 0.3476011288805268 0.41807116104868913 0.22295390404515522 0.3548689138576779
10 0.33866415804327377 0.4887640449438202 0.3217309501411101 0.6086142322097379
9 0.40921919096895576 0.46207865168539325 0.11100658513640639 0.07584269662921349
6 0.793038570084666 0.6446629213483146 0.1279397930385701 0.13576779026217228
10 0.3254938852304798 0.50187265917603 0.3179680150517404 0.6048689138576779
