11 0.06010362694300518 0.7395480225988701 0.04559585492227979 0.11638418079096045
11 0.8378238341968912 0.6598870056497175 0.061139896373056994 0.14463276836158193
7 0.7813471502590673 0.6333333333333333 0.11191709844559586 0.1344632768361582
11 0.24559585492227978 0.13050847457627118 0.09119170984455958 0.062146892655367235
4 0.24145077720207253 0.6186440677966102 0.3233160621761658 0.37175141242937854
11 0.3150259067357513 0.09830508474576272 0.043523316062176166 0.011299435028248588
10 0.8404145077720208 0.6666666666666666 0.06217616580310881 0.16045197740112993
11 0.6072538860103627 0.10734463276836158 0.17202072538860103 0.031638418079096044
7 0.19067357512953367 0.5994350282485875 0.23212435233160622 0.20225988700564973
11 0.31968911917098447 0.10112994350282486 0.05699481865284974 0.01694915254237288
7 0.6818652849740933 0.5768361581920904 0.20725388601036268 0.23163841807909605
10 0.06321243523316063 0.7384180790960452 0.04766839378238342 0.16836158192090395
11 0.06321243523316063 0.7384180790960452 0.04766839378238342 0.16836158192090395
0 0.5067357512953368 0.3519774011299435 0.11191709844559586 0.12994350282485875
10 0.06010362694300518 0.7395480225988701 0.04559585492227979 0.11638418079096045
11 0.8404145077720208 0.6666666666666666 0.06217616580310881 0.16045197740112993
0 0.5031088082901555 0.34858757062146895 0.11295336787564766 0.12768361581920903
7 0.24145077720207253 0.6186440677966102 0.3233160621761658 0.37175141242937854
13 0.29430051813471503 0.20112994350282487 0.08911917098445596 0.17401129943502824
7 0.2523316062176166 0.611864406779661 0.31813471502590673 0.38531073446327685
10 0.8378238341968912 0.6598870056497175 0.061139896373056994 0.14463276836158193
13 0.27253886010362693 0.15141242937853108 0.04766839378238342 0.08361581920903954
3 0.5316062176165803 0.6497175141242938 0.46424870466321244 0.15593220338983052
11 0.5974093264248704 0.10225988700564972 0.12124352331606218 0.023728813559322035
10 0.71139896373057 0.7107344632768362 0.35129533678756475 0.19887005649717515
10 0.22279792746113988 0.7774011299435029 0.35233160621761656 0.10847457627118644
