0 0.58740234375 0.28076171875 0.0751953125 0.1162109375
9 0.72119140625 0.21630859375 0.0771484375 0.0732421875
13 0.80126953125 0.53564453125 0.0537109375 0.0634765625
11 0.80712890625 0.65185546875 0.1005859375 0.0595703125
11 0.34326171875 0.17236328125 0.0361328125 0.0283203125
13 0.42041015625 0.162109375 0.0185546875 0.046875
13 0.72119140625 0.21630859375 0.0771484375 0.0732421875
13 0.71044921875 0.21044921875 0.0927734375 0.0771484375
12 0.82080078125 0.615234375 0.0439453125 0.08984375
10 0.80712890625 0.65185546875 0.1005859375 0.0595703125
7 0.6904296875 0.30908203125 0.076171875 0.0615234375
11 0.83740234375 0.6669921875 0.0205078125 0.017578125
13 0.6904296875 0.2978515625 0.080078125 0.05859375
