9 0.7895894428152492 0.4957983193277311 0.22727272727272727 0.057623049219687875
5 0.7668621700879765 0.5540216086434574 0.2991202346041056 0.40456182472989194
6 0.7961876832844574 0.6362545018007203 0.15542521994134897 0.20168067226890757
0 0.5879765395894428 0.32232893157262904 0.12609970674486803 0.09723889555822329
11 0.39296187683284456 0.148859543817527 0.093841642228739 0.024009603841536616
11 0.6634897360703812 0.1518607442977191 0.0689149560117302 0.022809123649459785
9 0.2961876832844575 0.6896758703481393 0.1348973607038123 0.05402160864345738
7 0.7961876832844574 0.6362545018007203 0.15542521994134897 0.20168067226890757
7 0.7521994134897361 0.5672268907563025 0.28152492668621704 0.3517406962785114
7 0.7668621700879765 0.5540216086434574 0.2991202346041056 0.40456182472989194
