9 0.4714937286202965 0.5070984915705412 0.2633979475484607 0.7249334516415262
11 0.05986316989737742 0.6801242236024845 0.03078677309007982 0.027506654835847383
9 0.45210946408209807 0.637089618456078 0.1904218928164196 0.40993788819875776
6 0.3112884834663626 0.24800354924578527 0.31927023945267957 0.3114463176574978
5 0.27537058152793614 0.32431233362910383 0.18586088939566706 0.12866015971606035
0 0.6077537058152793 0.2870452528837622 0.11174458380843785 0.08074534161490683
0 0.6009122006841505 0.28615794143744455 0.11858608893956671 0.0878438331854481
7 0.3112884834663626 0.24800354924578527 0.31927023945267957 0.3114463176574978
9 0.27537058152793614 0.32431233362910383 0.18586088939566706 0.12866015971606035
10 0.05986316989737742 0.6801242236024845 0.03078677309007982 0.027506654835847383
