7 0.3639322916666667 0.34270833333333334 0.17317708333333334 0.21458333333333332
10 0.3502604166666667 0.40677083333333336 0.3489583333333333 0.5447916666666667
13 0.7890625 0.35833333333333334 0.078125 0.027083333333333334
10 0.8313802083333334 0.3619791666666667 0.15494791666666666 0.051041666666666666
7 0.8313802083333334 0.3619791666666667 0.15494791666666666 0.051041666666666666
4 0.8287760416666666 0.35833333333333334 0.14713541666666666 0.052083333333333336
7 0.8606770833333334 0.35833333333333334 0.109375 0.05416666666666667
8 0.8606770833333334 0.35833333333333334 0.109375 0.05416666666666667
7 0.376953125 0.3484375 0.20963541666666666 0.23020833333333332
7 0.37890625 0.34791666666666665 0.1953125 0.19791666666666666
10 0.357421875 0.38333333333333336 0.3111979166666667 0.45625
10 0.3307291666666667 0.4005208333333333 0.3307291666666667 0.465625
