13 0.31005859375 0.60791015625 0.1611328125 0.0732421875
13 0.77197265625 0.6005859375 0.0810546875 0.0390625
11 0.38623046875 0.16748046875 0.0908203125 0.0166015625
11 0.62939453125 0.1591796875 0.0849609375 0.021484375
13 0.7685546875 0.59912109375 0.08984375 0.0400390625
0 0.5615234375 0.32470703125 0.08984375 0.1044921875
13 0.7646484375 0.6064453125 0.09375 0.0625
13 0.275390625 0.59521484375 0.046875 0.0419921875
0 0.56298828125 0.31591796875 0.0927734375 0.0927734375
0 0.56298828125 0.30615234375 0.0927734375 0.0732421875
