9 0.6179981634527089 0.20798898071625344 0.08080808080808081 0.1147842056932966
9 0.6161616161616161 0.21441689623507806 0.06795224977043159 0.10927456382001836
13 0.7281910009182736 0.6377410468319559 0.07162534435261708 0.09825528007346189
13 0.7240587695133149 0.6345270890725436 0.0945821854912764 0.13774104683195593
11 0.4164370982552801 0.174931129476584 0.03213957759412305 0.04132231404958678
11 0.3549127640036731 0.15748393021120294 0.09274563820018365 0.024793388429752067
10 0.7617079889807162 0.6873278236914601 0.04315886134067952 0.10009182736455463
13 0.7263544536271809 0.640495867768595 0.03489439853076217 0.05785123966942149
11 0.6597796143250688 0.18044077134986225 0.08356290174471992 0.05785123966942149
11 0.7617079889807162 0.6873278236914601 0.04315886134067952 0.10009182736455463
