7 0.3758241758241758 0.35595703125 0.2087912087912088 0.3212890625
7 0.3697802197802198 0.34765625 0.2010989010989011 0.359375
10 0.3120879120879121 0.5439453125 0.3120879120879121 0.18359375
11 0.3467032967032967 0.16162109375 0.22967032967032966 0.0927734375
4 0.3697802197802198 0.34765625 0.2010989010989011 0.359375
11 0.35384615384615387 0.16015625 0.22637362637362637 0.115234375
7 0.3467032967032967 0.16162109375 0.22967032967032966 0.0927734375
10 0.22692307692307692 0.5185546875 0.12197802197802197 0.138671875
7 0.3587912087912088 0.30615234375 0.2032967032967033 0.3330078125
10 0.2098901098901099 0.54931640625 0.11208791208791209 0.1298828125
4 0.3758241758241758 0.35595703125 0.2087912087912088 0.3212890625
