5 0.2317845828933474 0.5940023068050749 0.1805702217529039 0.4244521337946944
10 0.11457233368532208 0.8650519031141869 0.05807814149947202 0.1384083044982699
13 0.7708553326293559 0.7566320645905421 0.32312565997888065 0.11764705882352941
8 0.1805702217529039 0.7502883506343714 0.025343189017951427 0.02883506343713956
5 0.8674762407602957 0.6591695501730104 0.12777191129883844 0.2618223760092272
11 0.6847940865892291 0.07612456747404844 0.13199577613516367 0.04382929642445214
11 0.40918690601900737 0.07670126874279123 0.1573389651531151 0.04728950403690888
0 0.5929250263991552 0.32583621683967706 0.12777191129883844 0.12341407151095732
0 0.6098204857444561 0.31833910034602075 0.10242872228088701 0.11764705882352941
9 0.5036958817317846 0.36101499423298733 0.1119324181626188 0.6620530565167243
11 0.11457233368532208 0.8650519031141869 0.05807814149947202 0.1384083044982699
11 0.41816261879619854 0.08016147635524798 0.17317845828933473 0.06113033448673587
0 0.6013727560718057 0.32525951557093424 0.11087645195353749 0.13610149942329874
