4 0.21744791666666666 0.315625 0.23177083333333334 0.13958333333333334
7 0.20638020833333334 0.40625 0.33203125 0.30416666666666664
9 0.21614583333333334 0.40260416666666665 0.2760416666666667 0.334375
12 0.2552083333333333 0.22135416666666666 0.3619791666666667 0.271875
10 0.050130208333333336 0.6703125 0.08463541666666667 0.11354166666666667
11 0.043619791666666664 0.6828125 0.06901041666666667 0.121875
6 0.23567708333333334 0.26979166666666665 0.22395833333333334 0.09583333333333334
13 0.7779947916666666 0.2713541666666667 0.12630208333333334 0.08020833333333334
0 0.5325520833333334 0.29322916666666665 0.15104166666666666 0.178125
9 0.18229166666666666 0.4125 0.2526041666666667 0.29375
8 0.20638020833333334 0.40625 0.33203125 0.30416666666666664
7 0.21744791666666666 0.315625 0.23177083333333334 0.13958333333333334
0 0.53515625 0.2703125 0.13802083333333334 0.115625
10 0.043619791666666664 0.6828125 0.06901041666666667 0.121875
13 0.19270833333333334 0.5697916666666667 0.265625 0.08333333333333333
12 0.23372395833333334 0.35208333333333336 0.41015625 0.63125
