6 0.7189119170984456 0.27074235807860264 0.27979274611398963 0.22489082969432314
13 0.19041450777202074 0.3056768558951965 0.15025906735751296 0.0611353711790393
7 0.7189119170984456 0.27074235807860264 0.27979274611398963 0.22489082969432314
13 0.7441709844559585 0.26692139737991266 0.2603626943005181 0.2718340611353712
11 0.3316062176165803 0.13919213973799127 0.16580310880829016 0.05131004366812227
8 0.7363989637305699 0.24890829694323144 0.28886010362694303 0.18340611353711792
8 0.12823834196891193 0.365174672489083 0.09326424870466321 0.08406113537117904
11 0.6865284974093264 0.12827510917030568 0.18393782383419688 0.0425764192139738
6 0.11269430051813471 0.35917030567685587 0.10880829015544041 0.06986899563318777
13 0.7189119170984456 0.27074235807860264 0.27979274611398963 0.22489082969432314
7 0.14507772020725387 0.3646288209606987 0.11658031088082901 0.06986899563318777
11 0.7363989637305699 0.24890829694323144 0.28886010362694303 0.18340611353711792
6 0.14507772020725387 0.3646288209606987 0.11658031088082901 0.06986899563318777
13 0.3316062176165803 0.13919213973799127 0.16580310880829016 0.05131004366812227
5 0.7441709844559585 0.26692139737991266 0.2603626943005181 0.2718340611353712
