6 0.7711386696730552 0.7791666666666667 0.1375422773393461 0.14791666666666667
11 0.8111612175873731 0.7973958333333333 0.12063134160090191 0.190625
8 0.7440811724915445 0.6135416666666667 0.22322435174746336 0.25
11 0.4069898534385569 0.14791666666666667 0.1600901916572717 0.04791666666666667
13 0.7576099210822999 0.2635416666666667 0.1555806087936866 0.17291666666666666
4 0.7497181510710259 0.6182291666666667 0.22322435174746336 0.25729166666666664
6 0.37485907553551295 0.30572916666666666 0.1386696730552424 0.20104166666666667
11 0.13021420518602028 0.9401041666666666 0.048478015783540024 0.06145833333333333
10 0.822435174746336 0.7802083333333333 0.08004509582863585 0.24375
13 0.7401352874859075 0.28125 0.14768883878241262 0.10416666666666667
0 0.6234498308906427 0.409375 0.0992108229988726 0.11041666666666666
6 0.3838782412626832 0.309375 0.16798196166854565 0.25
11 0.11781285231116122 0.9307291666666667 0.0665163472378805 0.10520833333333333
11 0.6848928974069899 0.17760416666666667 0.1161217587373168 0.030208333333333334
10 0.11781285231116122 0.9307291666666667 0.0665163472378805 0.10520833333333333
10 0.8139797068771139 0.8276041666666667 0.08793686583990981 0.2635416666666667
13 0.24577226606538896 0.7322916666666667 0.21195039458850057 0.34791666666666665
13 0.262119503945885 0.7067708333333333 0.12965050732807215 0.271875
11 0.701803833145434 0.18541666666666667 0.06877113866967305 0.027083333333333334
2 0.640924464487035 0.39375 0.06877113866967305 0.06875
10 0.13021420518602028 0.9401041666666666 0.048478015783540024 0.06145833333333333
6 0.28410372040586246 0.7364583333333333 0.15107102593010147 0.18333333333333332
13 0.3878241262683202 0.253125 0.19165727170236754 0.24375
0 0.612739571589628 0.4171875 0.13641488162344984 0.13020833333333334
13 0.3838782412626832 0.309375 0.16798196166854565 0.25
11 0.1730552423900789 0.9234375 0.15670800450958286 0.084375
10 0.1730552423900789 0.9234375 0.15670800450958286 0.084375
10 0.8111612175873731 0.7973958333333333 0.12063134160090191 0.190625
7 0.7435174746335964 0.6166666666666667 0.22209695603156707 0.24375
0 0.6144306651634723 0.4203125 0.12401352874859076 0.140625
