7 0.6712239583333334 0.3953125 0.22005208333333334 0.33645833333333336
0 0.5279947916666666 0.340625 0.10546875 0.11041666666666666
7 0.6796875 0.4817708333333333 0.19791666666666666 0.24270833333333333
0 0.5266927083333334 0.3307291666666667 0.08723958333333333 0.09270833333333334
13 0.71875 0.45 0.078125 0.014583333333333334
5 0.6822916666666666 0.46145833333333336 0.15885416666666666 0.22291666666666668
3 0.53515625 0.5697916666666667 0.3645833333333333 0.0875
7 0.2578125 0.5151041666666667 0.16927083333333334 0.28020833333333334
6 0.6796875 0.4817708333333333 0.19791666666666666 0.24270833333333333
13 0.708984375 0.39791666666666664 0.08203125 0.03125
5 0.2799479166666667 0.5145833333333333 0.13020833333333334 0.2375
7 0.25390625 0.49375 0.22916666666666666 0.30625
0 0.5149739583333334 0.33697916666666666 0.12109375 0.09270833333333334
