13 0.7527173913043478 0.30636160714285715 0.06521739130434782 0.1171875
9 0.9307065217391305 0.5524553571428571 0.04891304347826087 0.23660714285714285
11 0.9585597826086957 0.5965401785714286 0.025815217391304348 0.16183035714285715
7 0.7792119565217391 0.30747767857142855 0.13722826086956522 0.10379464285714286
11 0.9313858695652174 0.5407366071428571 0.04755434782608696 0.2421875
11 0.7663043478260869 0.23325892857142858 0.23097826086956522 0.10714285714285714
13 0.7819293478260869 0.3247767857142857 0.11277173913043478 0.07589285714285714
11 0.7520380434782609 0.22433035714285715 0.2105978260869565 0.09151785714285714
13 0.7792119565217391 0.30747767857142855 0.13722826086956522 0.10379464285714286
2 0.9307065217391305 0.5524553571428571 0.04891304347826087 0.23660714285714285
11 0.938858695652174 0.5357142857142857 0.07608695652173914 0.26785714285714285
2 0.938858695652174 0.5357142857142857 0.07608695652173914 0.26785714285714285
7 0.8125 0.40234375 0.21739130434782608 0.3359375
6 0.8322010869565217 0.38504464285714285 0.10461956521739131 0.11383928571428571
6 0.7527173913043478 0.30636160714285715 0.06521739130434782 0.1171875
