3 0.5596153846153846 0.6016830294530154 0.6551282051282051 0.4319775596072931
2 0.5493589743589744 0.3316970546984572 0.12179487179487179 0.15007012622720897
4 0.16666666666666666 0.5757363253856943 0.16666666666666666 0.20897615708274894
6 0.20256410256410257 0.45511921458625526 0.2923076923076923 0.5820476858345021
6 0.7185897435897436 0.45722300140252453 0.38333333333333336 0.6507713884992987
4 0.7282051282051282 0.5855539971949509 0.31025641025641026 0.3492286115007013
7 0.717948717948718 0.31626928471248245 0.2153846153846154 0.25105189340813466
3 0.5762820512820512 0.6444600280504909 0.6525641025641026 0.3267882187938289
7 0.7185897435897436 0.45722300140252453 0.38333333333333336 0.6507713884992987
3 0.5596153846153846 0.5932678821879382 0.6141025641025641 0.2244039270687237
7 0.20256410256410257 0.45511921458625526 0.2923076923076923 0.5820476858345021
7 0.1955128205128205 0.4537166900420757 0.19615384615384615 0.39691444600280507
10 0.8653846153846154 0.6963534361851332 0.14358974358974358 0.1753155680224404
