8 0.36563436563436563 0.6718472468916519 0.04795204795204795 0.03641207815275311
8 0.2742257742257742 0.5688277087033747 0.08891108891108891 0.0452930728241563
8 0.2712287712287712 0.5634991119005328 0.08691308691308691 0.05595026642984014
10 0.14585414585414586 0.8512433392539964 0.04395604395604396 0.03996447602131439
11 0.37512487512487513 0.13765541740674955 0.07292707292707293 0.03374777975133215
11 0.6558441558441559 0.1483126110124334 0.1028971028971029 0.037300177619893425
11 0.6283716283716284 0.14076376554174067 0.10989010989010989 0.02575488454706927
11 0.38461538461538464 0.13854351687388988 0.07992007992007992 0.021314387211367674
7 0.2712287712287712 0.5634991119005328 0.08691308691308691 0.05595026642984014
8 0.27522477522477523 0.5652753108348135 0.08291708291708291 0.0541740674955595
11 0.14585414585414586 0.8512433392539964 0.04395604395604396 0.03996447602131439
