7 0.7436419125127162 0.488 0.20752797558494404 0.362
8 0.31841302136317395 0.6465 0.1017293997965412 0.085
6 0.7436419125127162 0.488 0.20752797558494404 0.362
8 0.3814852492370295 0.4895 0.31129196337741605 0.473
7 0.3463886063072228 0.398 0.23092573753814852 0.326
8 0.7100712105798576 0.498 0.2767039674465921 0.472
9 0.7100712105798576 0.498 0.2767039674465921 0.472
8 0.3199389623601221 0.642 0.10274669379450661 0.062
6 0.7568667344862665 0.557 0.18311291963377416 0.336
9 0.7492370295015259 0.387 0.1271617497456765 0.128
6 0.39623601220752797 0.4685 0.18413021363173956 0.403
8 0.7436419125127162 0.488 0.20752797558494404 0.362
8 0.3463886063072228 0.398 0.23092573753814852 0.326
9 0.3814852492370295 0.4895 0.31129196337741605 0.473
0 0.624618514750763 0.3745 0.1017293997965412 0.131
6 0.3463886063072228 0.398 0.23092573753814852 0.326
