7 0.791371158392435 0.50927734375 0.10047281323877069 0.0712890625
13 0.7641843971631206 0.49853515625 0.11702127659574468 0.1279296875
0 0.6057919621749409 0.271484375 0.11229314420803782 0.078125
5 0.7872340425531915 0.4912109375 0.10874704491725769 0.1328125
13 0.7878250591016549 0.666015625 0.022458628841607566 0.03125
8 0.37293144208037826 0.59912109375 0.041371158392434985 0.0380859375
0 0.6117021276595744 0.267578125 0.08865248226950355 0.078125
7 0.7878250591016549 0.666015625 0.022458628841607566 0.03125
8 0.7730496453900709 0.5986328125 0.030732860520094562 0.029296875
5 0.7641843971631206 0.49853515625 0.11702127659574468 0.1279296875
