9 0.21065493646138808 0.399 0.016617790811339198 0.02
4 0.35043988269794724 0.362 0.20039100684261973 0.298
4 0.34701857282502446 0.334 0.18963831867057673 0.268
8 0.2854349951124145 0.5685 0.10557184750733138 0.087
1 0.33773216031280545 0.3445 0.19257086999022482 0.297
10 0.198435972629521 0.7765 0.06647116324535679 0.085
8 0.33773216031280545 0.3445 0.19257086999022482 0.297
10 0.20332355816226785 0.741 0.07233626588465299 0.086
1 0.34701857282502446 0.334 0.18963831867057673 0.268
4 0.33773216031280545 0.3445 0.19257086999022482 0.297
10 0.21358748778103617 0.764 0.09481915933528837 0.082
