13 0.79004329004329 0.511307767944936 0.10173160173160173 0.043264503441494594
10 0.7862554112554112 0.5349065880039331 0.21753246753246752 0.20058997050147492
3 0.5254329004329005 0.5668633235004916 0.41883116883116883 0.22517207472959685
10 0.8441558441558441 0.5614552605703048 0.07142857142857142 0.13372664700098327
3 0.5606060606060606 0.5358898721730581 0.48268398268398266 0.12389380530973451
4 0.7873376623376623 0.5462143559488692 0.14393939393939395 0.0855457227138643
10 0.810064935064935 0.5594886922320551 0.1699134199134199 0.16322517207472959
13 0.7754329004329005 0.5098328416912488 0.1396103896103896 0.04424778761061947
3 0.5449134199134199 0.5408062930186824 0.4491341991341991 0.13372664700098327
7 0.7987012987012987 0.5565388397246804 0.10822510822510822 0.07669616519174041
