0 0.5735677083333334 0.39427083333333335 0.17317708333333334 0.13229166666666667
3 0.5638020833333334 0.5885416666666666 0.4635416666666667 0.08125
0 0.5787760416666666 0.3927083333333333 0.16536458333333334 0.13125
13 0.8326822916666666 0.5635416666666667 0.10546875 0.04375
7 0.2545572916666667 0.5567708333333333 0.16536458333333334 0.046875
0 0.5598958333333334 0.3734375 0.14583333333333334 0.08645833333333333
10 0.16861979166666666 0.5786458333333333 0.10286458333333333 0.09895833333333333
11 0.16015625 0.5822916666666667 0.06510416666666667 0.08958333333333333
4 0.8307291666666666 0.5723958333333333 0.13541666666666666 0.090625
4 0.2545572916666667 0.5567708333333333 0.16536458333333334 0.046875
11 0.16861979166666666 0.5786458333333333 0.10286458333333333 0.09895833333333333
7 0.8307291666666666 0.5723958333333333 0.13541666666666666 0.090625
11 0.900390625 0.5942708333333333 0.045572916666666664 0.08645833333333333
10 0.900390625 0.5942708333333333 0.045572916666666664 0.08645833333333333
13 0.2916666666666667 0.5526041666666667 0.12239583333333333 0.028125
7 0.8326822916666666 0.5635416666666667 0.10546875 0.04375
7 0.2916666666666667 0.5526041666666667 0.12239583333333333 0.028125
3 0.5618489583333334 0.5640625 0.4440104166666667 0.09895833333333333
13 0.8404947916666666 0.5604166666666667 0.10807291666666667 0.035416666666666666
10 0.23958333333333334 0.56875 0.1953125 0.11041666666666666
7 0.2532552083333333 0.5546875 0.19661458333333334 0.03229166666666667
10 0.16015625 0.5822916666666667 0.06510416666666667 0.08958333333333333
