6 0.2571614583333333 0.26875 0.18359375 0.12916666666666668
11 0.12630208333333334 0.7713541666666667 0.17708333333333334 0.05520833333333333
11 0.07096354166666667 0.7661458333333333 0.037760416666666664 0.03854166666666667
10 0.07291666666666667 0.7515625 0.06770833333333333 0.08854166666666667
13 0.740234375 0.428125 0.08723958333333333 0.041666666666666664
11 0.07291666666666667 0.7515625 0.06770833333333333 0.08854166666666667
1 0.2571614583333333 0.26875 0.18359375 0.12916666666666668
13 0.11848958333333333 0.6291666666666667 0.07291666666666667 0.052083333333333336
13 0.24153645833333334 0.31979166666666664 0.13411458333333334 0.15
13 0.740234375 0.42604166666666665 0.048177083333333336 0.025
10 0.12630208333333334 0.7713541666666667 0.17708333333333334 0.05520833333333333
13 0.11393229166666667 0.6286458333333333 0.08203125 0.06145833333333333
13 0.24283854166666666 0.30364583333333334 0.2513020833333333 0.21770833333333334
13 0.2571614583333333 0.26875 0.18359375 0.12916666666666668
11 0.2838541666666667 0.20833333333333334 0.18489583333333334 0.0625
1 0.24283854166666666 0.30364583333333334 0.2513020833333333 0.21770833333333334
8 0.7486979166666666 0.42291666666666666 0.0234375 0.020833333333333332
