9 0.263671875 0.5182291666666666 0.18619791666666666 0.09270833333333334
3 0.544921875 0.5411458333333333 0.3971354166666667 0.09479166666666666
0 0.5162760416666666 0.315625 0.12890625 0.07916666666666666
5 0.263671875 0.5182291666666666 0.18619791666666666 0.09270833333333334
0 0.5240885416666666 0.32760416666666664 0.11588541666666667 0.096875
9 0.7018229166666666 0.4276041666666667 0.09375 0.059375
5 0.7018229166666666 0.4276041666666667 0.09375 0.059375
0 0.5299479166666666 0.3307291666666667 0.09635416666666667 0.096875
3 0.54296875 0.5609375 0.3932291666666667 0.128125
3 0.5286458333333334 0.5411458333333333 0.3697916666666667 0.10520833333333333
