3 0.5367727771679474 0.5868665977249224 0.4039517014270033 0.17476732161323683
10 0.24533479692645443 0.5796277145811789 0.2557628979143798 0.19131334022750776
7 0.2738748627881449 0.5434332988624612 0.2579582875960483 0.17269906928645296
10 0.2310647639956092 0.6514994829369183 0.2557628979143798 0.1282316442605998
4 0.2864983534577388 0.5356773526370218 0.305159165751921 0.2233712512926577
4 0.2738748627881449 0.5434332988624612 0.2579582875960483 0.17269906928645296
1 0.24533479692645443 0.5796277145811789 0.2557628979143798 0.19131334022750776
7 0.2864983534577388 0.5356773526370218 0.305159165751921 0.2233712512926577
10 0.23600439077936333 0.6184074457083765 0.2722283205268935 0.15718717683557393
9 0.07135016465422613 0.6142709410548087 0.026344676180021953 0.08066184074457083
