11 0.8972602739726028 0.7302389705882353 0.0410958904109589 0.06709558823529412
13 0.7555321390937829 0.40625 0.2781875658587987 0.4944852941176471
6 0.34351949420442573 0.25183823529411764 0.1601685985247629 0.22242647058823528
7 0.22286617492096944 0.4733455882352941 0.1612223393045311 0.10477941176470588
13 0.7376185458377239 0.3740808823529412 0.14541622760800843 0.0661764705882353
6 0.7639620653319283 0.37224264705882354 0.2697576396206533 0.5330882352941176
10 0.8972602739726028 0.7302389705882353 0.0410958904109589 0.06709558823529412
13 0.684404636459431 0.12454044117647059 0.051633298208640675 0.08363970588235294
13 0.28872497365648053 0.3704044117647059 0.2929399367755532 0.5073529411764706
7 0.3192834562697576 0.25735294117647056 0.1601685985247629 0.1948529411764706
5 0.28609062170706007 0.3713235294117647 0.3171759747102213 0.5459558823529411
7 0.7091675447839831 0.35799632352941174 0.13909378292939936 0.2858455882352941
5 0.7639620653319283 0.37224264705882354 0.2697576396206533 0.5330882352941176
13 0.2065331928345627 0.3170955882352941 0.10748155953635406 0.03125
0 0.5542676501580611 0.2495404411764706 0.14541622760800843 0.140625
13 0.6743940990516333 0.11121323529411764 0.08429926238145416 0.08639705882352941
5 0.7370916754478398 0.37316176470588236 0.2708113804004215 0.5974264705882353
7 0.25447839831401475 0.47840073529411764 0.2054794520547945 0.10753676470588236
5 0.28872497365648053 0.3704044117647059 0.2929399367755532 0.5073529411764706
7 0.20337197049525815 0.4852941176470588 0.12644889357218125 0.08272058823529412
0 0.565331928345627 0.24724264705882354 0.12750263435194942 0.11948529411764706
6 0.25447839831401475 0.47840073529411764 0.2054794520547945 0.10753676470588236
2 0.6743940990516333 0.11121323529411764 0.08429926238145416 0.08639705882352941
5 0.7555321390937829 0.40625 0.2781875658587987 0.4944852941176471
7 0.32507903055848264 0.2541360294117647 0.14857744994731295 0.14246323529411764
13 0.21707060063224448 0.3134191176470588 0.1285563751317176 0.03125
7 0.7639620653319283 0.37224264705882354 0.2697576396206533 0.5330882352941176
11 0.10590094836670179 0.6847426470588235 0.0368809272918862 0.06066176470588235
4 0.32507903055848264 0.2541360294117647 0.14857744994731295 0.14246323529411764
7 0.34351949420442573 0.25183823529411764 0.1601685985247629 0.22242647058823528
11 0.2939936775553214 0.5643382352941176 0.04214963119072708 0.04779411764705882
10 0.10590094836670179 0.6847426470588235 0.0368809272918862 0.06066176470588235
