6 0.25555555555555554 0.5875880281690141 0.21904761904761905 0.10299295774647887
3 0.5867724867724867 0.664612676056338 0.42857142857142855 0.20598591549295775
10 0.27724867724867724 0.6153169014084507 0.3238095238095238 0.1795774647887324
7 0.25555555555555554 0.5875880281690141 0.21904761904761905 0.10299295774647887
10 0.2507936507936508 0.628080985915493 0.2920634920634921 0.46566901408450706
11 0.33756613756613757 0.30721830985915494 0.24973544973544973 0.24471830985915494
11 0.1349206349206349 0.5453345070422535 0.07089947089947089 0.24735915492957747
7 0.8417989417989418 0.7183098591549296 0.09417989417989418 0.13380281690140844
7 0.2518518518518518 0.5959507042253521 0.20317460317460317 0.08274647887323944
6 0.8333333333333334 0.7191901408450704 0.10899470899470899 0.15316901408450703
6 0.29365079365079366 0.43441901408450706 0.20423280423280424 0.12588028169014084
10 0.24603174603174602 0.6509683098591549 0.291005291005291 0.1681338028169014
13 0.817989417989418 0.7389964788732394 0.1312169312169312 0.07130281690140845
7 0.41534391534391535 0.32130281690140844 0.11534391534391535 0.2112676056338028
0 0.5915343915343916 0.38204225352112675 0.12275132275132275 0.11619718309859155
0 0.5878306878306878 0.37808098591549294 0.10899470899470899 0.11179577464788733
