11 0.8216145833333334 0.8364583333333333 0.0546875 0.06458333333333334
7 0.259765625 0.309375 0.31640625 0.325
10 0.034505208333333336 0.8098958333333334 0.055989583333333336 0.07395833333333333
7 0.2727864583333333 0.32708333333333334 0.3138020833333333 0.2625
10 0.8216145833333334 0.8364583333333333 0.0546875 0.06458333333333334
11 0.034505208333333336 0.8098958333333334 0.055989583333333336 0.07395833333333333
11 0.8203125 0.8385416666666666 0.057291666666666664 0.06041666666666667
11 0.822265625 0.8463541666666666 0.053385416666666664 0.08229166666666667
10 0.020833333333333332 0.8140625 0.0390625 0.07604166666666666
10 0.822265625 0.8463541666666666 0.053385416666666664 0.08229166666666667
4 0.2649739583333333 0.31979166666666664 0.3059895833333333 0.26458333333333334
11 0.029296875 0.8125 0.055989583333333336 0.07708333333333334
4 0.2727864583333333 0.32708333333333334 0.3138020833333333 0.2625
11 0.020833333333333332 0.8140625 0.0390625 0.07604166666666666
0 0.5247395833333334 0.3697916666666667 0.12760416666666666 0.09375
