0 0.587378640776699 0.4011684518013632 0.11893203883495146 0.13047711781888996
13 0.34951456310679613 0.27069133398247325 0.024271844660194174 0.021421616358325218
13 0.5922330097087378 0.28383641674780913 0.01699029126213592 0.016553067185978577
8 0.5885922330097088 0.28334956183057447 0.01699029126213592 0.017526777020447908
8 0.6280339805825242 0.27020447906523853 0.025485436893203883 0.018500486854917234
0 0.5788834951456311 0.40165530671859784 0.1262135922330097 0.13339824732229796
13 0.6553398058252428 0.3330087633885102 0.038834951456310676 0.10710808179162609
11 0.37985436893203883 0.24586173320350535 0.06553398058252427 0.03018500486854917
11 0.6231796116504854 0.24196689386562803 0.125 0.045764362220058426
13 0.629247572815534 0.27166504381694256 0.023058252427184466 0.019474196689386564
7 0.35072815533980584 0.27312560856864654 0.019417475728155338 0.018500486854917234
3 0.5867718446601942 0.6806231742940604 0.4526699029126214 0.12658227848101267
3 0.6007281553398058 0.6918208373904576 0.46359223300970875 0.11781888997078871
3 0.591626213592233 0.6893865628042843 0.4550970873786408 0.11100292112950341
13 0.5885922330097088 0.28334956183057447 0.01699029126213592 0.017526777020447908
13 0.4065533980582524 0.29600778967867575 0.007281553398058253 0.011684518013631937
0 0.5740291262135923 0.3904576436222006 0.14320388349514562 0.11879259980525804
