9 0.69921875 0.4755859375 0.1640625 0.3984375
5 0.69921875 0.4755859375 0.1640625 0.3984375
13 0.345703125 0.4697265625 0.185546875 0.373046875
11 0.76806640625 0.7529296875 0.0341796875 0.056640625
10 0.76806640625 0.7529296875 0.0341796875 0.056640625
13 0.69921875 0.4755859375 0.1640625 0.3984375
5 0.34228515625 0.48486328125 0.2021484375 0.5380859375
11 0.2568359375 0.78466796875 0.044921875 0.0556640625
5 0.6767578125 0.44482421875 0.212890625 0.5478515625
5 0.345703125 0.4697265625 0.185546875 0.373046875
5 0.34814453125 0.4873046875 0.2177734375 0.564453125
5 0.68359375 0.45361328125 0.193359375 0.5654296875
10 0.2568359375 0.78466796875 0.044921875 0.0556640625
9 0.345703125 0.4697265625 0.185546875 0.373046875
