11 0.2966101694915254 0.2064516129032258 0.1902071563088512 0.22119815668202766
10 0.3248587570621469 0.4769585253456221 0.2806026365348399 0.3161290322580645
10 0.8243879472693032 0.6225806451612903 0.027306967984934087 0.05622119815668203
7 0.3258003766478343 0.27235023041474654 0.1977401129943503 0.2368663594470046
11 0.8243879472693032 0.6225806451612903 0.027306967984934087 0.05622119815668203
6 0.7000941619585688 0.43179723502304146 0.20433145009416195 0.3345622119815668
7 0.7170433145009416 0.4732718894009217 0.1911487758945386 0.24792626728110598
7 0.3403954802259887 0.2658986175115207 0.211864406779661 0.2626728110599078
7 0.3408662900188324 0.2645161290322581 0.1958568738229755 0.25069124423963135
0 0.5437853107344632 0.28617511520737327 0.0951035781544256 0.11152073732718894
10 0.3050847457627119 0.3824884792626728 0.2542372881355932 0.5216589861751152
10 0.3239171374764595 0.3336405529953917 0.2768361581920904 0.47557603686635946
