11 0.591796875 0.1421875 0.12369791666666667 0.023958333333333335
4 0.689453125 0.28958333333333336 0.24869791666666666 0.19791666666666666
7 0.6848958333333334 0.38697916666666665 0.2890625 0.421875
11 0.2975260416666667 0.1609375 0.09765625 0.034375
11 0.26953125 0.15885416666666666 0.109375 0.04479166666666667
13 0.6588541666666666 0.2942708333333333 0.21614583333333334 0.21979166666666666
6 0.6848958333333334 0.38697916666666665 0.2890625 0.421875
7 0.689453125 0.28958333333333336 0.24869791666666666 0.19791666666666666
6 0.7161458333333334 0.5260416666666666 0.11979166666666667 0.07916666666666666
6 0.6588541666666666 0.2942708333333333 0.21614583333333334 0.21979166666666666
