6 0.31316725978647686 0.2284153005464481 0.31791221826809013 0.3366120218579235
4 0.31316725978647686 0.2284153005464481 0.31791221826809013 0.3366120218579235
4 0.7378410438908659 0.2185792349726776 0.2870699881376038 0.3366120218579235
10 0.8718861209964412 0.760655737704918 0.09489916963226572 0.08306010928961749
6 0.7354685646500593 0.26994535519125684 0.2846975088967972 0.2972677595628415
7 0.8143534994068802 0.5978142076502733 0.16963226571767498 0.19453551912568307
4 0.7354685646500593 0.26994535519125684 0.2846975088967972 0.2972677595628415
10 0.8398576512455516 0.7081967213114754 0.17319098457888493 0.20327868852459016
10 0.8962040332147093 0.7147540983606557 0.1103202846975089 0.09617486338797815
6 0.7194543297746144 0.2371584699453552 0.32858837485172004 0.3584699453551913
4 0.28825622775800713 0.19453551912568307 0.3582443653618031 0.33224043715846996
6 0.29240806642941874 0.23442622950819672 0.3475682087781732 0.3442622950819672
