8 0.7135416666666666 0.2171875 0.018229166666666668 0.017708333333333333
2 0.646484375 0.21875 0.03515625 0.029166666666666667
3 0.5442708333333334 0.5380208333333333 0.4114583333333333 0.13645833333333332
8 0.7779947916666666 0.32395833333333335 0.016927083333333332 0.016666666666666666
8 0.7161458333333334 0.21979166666666666 0.020833333333333332 0.022916666666666665
13 0.3736979166666667 0.19427083333333334 0.07552083333333333 0.065625
2 0.7252604166666666 0.2234375 0.033854166666666664 0.051041666666666666
3 0.5423177083333334 0.5010416666666667 0.4205729166666667 0.1375
0 0.564453125 0.28020833333333334 0.10026041666666667 0.1
8 0.6484375 0.21927083333333333 0.028645833333333332 0.023958333333333335
13 0.7252604166666666 0.2234375 0.033854166666666664 0.051041666666666666
0 0.4973958333333333 0.30416666666666664 0.22916666666666666 0.14791666666666667
8 0.7805989583333334 0.3229166666666667 0.022135416666666668 0.01875
8 0.6471354166666666 0.21875 0.03125 0.029166666666666667
8 0.7239583333333334 0.2453125 0.018229166666666668 0.009375
2 0.7799479166666666 0.3234375 0.0234375 0.021875
13 0.6341145833333334 0.3703125 0.0703125 0.059375
7 0.3684895833333333 0.19895833333333332 0.07552083333333333 0.04791666666666667
0 0.546875 0.3046875 0.13541666666666666 0.140625
2 0.3704427083333333 0.19635416666666666 0.07942708333333333 0.053125
3 0.5494791666666666 0.5395833333333333 0.4296875 0.1
2 0.3736979166666667 0.19427083333333334 0.07552083333333333 0.065625
8 0.7265625 0.2453125 0.018229166666666668 0.011458333333333333
