5 0.7718978102189781 0.6042199488491049 0.18613138686131386 0.23145780051150894
9 0.36009732360097324 0.47634271099744246 0.31143552311435524 0.5358056265984654
1 0.7798053527980535 0.4258312020460358 0.21897810218978103 0.05115089514066496
8 0.5954987834549879 0.31841432225063937 0.19099756690997566 0.2659846547314578
13 0.7658150851581509 0.4187979539641944 0.2396593673965937 0.05754475703324808
2 0.6800486618004866 0.19245524296675193 0.038929440389294405 0.04475703324808184
13 0.36009732360097324 0.47634271099744246 0.31143552311435524 0.5358056265984654
13 0.7420924574209246 0.48081841432225064 0.41119221411192214 0.5959079283887468
2 0.7420924574209246 0.48081841432225064 0.41119221411192214 0.5959079283887468
9 0.7420924574209246 0.48081841432225064 0.41119221411192214 0.5959079283887468
