13 0.6435185185185185 0.39781491002570696 0.10802469135802469 0.12982005141388175
11 0.08873456790123457 0.8155526992287918 0.041666666666666664 0.05784061696658098
13 0.6350308641975309 0.4273778920308483 0.1404320987654321 0.15038560411311053
13 0.21604938271604937 0.3676092544987147 0.19753086419753085 0.12596401028277635
11 0.9251543209876543 0.8026992287917738 0.047839506172839504 0.06555269922879177
11 0.08719135802469136 0.8194087403598972 0.06327160493827161 0.09125964010282776
11 0.9158950617283951 0.8026992287917738 0.06944444444444445 0.055269922879177376
10 0.08719135802469136 0.8194087403598972 0.06327160493827161 0.09125964010282776
13 0.25771604938271603 0.4305912596401028 0.19753086419753085 0.2467866323907455
10 0.9158950617283951 0.8026992287917738 0.06944444444444445 0.055269922879177376
8 0.20910493827160495 0.7294344473007712 0.029320987654320986 0.019280205655526992
10 0.08873456790123457 0.8155526992287918 0.041666666666666664 0.05784061696658098
10 0.9251543209876543 0.8026992287917738 0.047839506172839504 0.06555269922879177
13 0.21682098765432098 0.37210796915167094 0.2052469135802469 0.12982005141388175
