0 0.6184895833333334 0.340625 0.1640625 0.12708333333333333
11 0.734375 0.21927083333333333 0.20833333333333334 0.11145833333333334
0 0.6354166666666666 0.33125 0.11979166666666667 0.10416666666666667
13 0.392578125 0.4947916666666667 0.16276041666666666 0.125
11 0.92578125 0.6223958333333334 0.041666666666666664 0.036458333333333336
13 0.396484375 0.4979166666666667 0.16015625 0.1375
0 0.5735677083333334 0.35520833333333335 0.25390625 0.14166666666666666
10 0.92578125 0.6223958333333334 0.041666666666666664 0.036458333333333336
7 0.685546875 0.18802083333333333 0.19401041666666666 0.07604166666666666
13 0.3828125 0.49114583333333334 0.15625 0.11770833333333333
11 0.765625 0.20729166666666668 0.09375 0.05416666666666667
