6 0.7272135416666666 0.296875 0.06640625 0.025
13 0.22721354166666666 0.5395833333333333 0.19140625 0.035416666666666666
10 0.09440104166666667 0.6552083333333333 0.037760416666666664 0.020833333333333332
13 0.734375 0.29010416666666666 0.0703125 0.03854166666666667
13 0.22005208333333334 0.5390625 0.20052083333333334 0.03854166666666667
13 0.23893229166666666 0.5416666666666666 0.22265625 0.03333333333333333
11 0.09440104166666667 0.6552083333333333 0.037760416666666664 0.020833333333333332
11 0.091796875 0.659375 0.040364583333333336 0.06041666666666667
13 0.2994791666666667 0.23020833333333332 0.0859375 0.07083333333333333
13 0.7174479166666666 0.296875 0.044270833333333336 0.027083333333333334
