5 0.8045602605863192 0.4421875 0.24104234527687296 0.43645833333333334
11 0.3327904451682953 0.18229166666666666 0.17263843648208468 0.05625
11 0.7725298588490771 0.20260416666666667 0.10314875135722042 0.06145833333333333
0 0.5776330076004343 0.3151041666666667 0.10640608034744843 0.13020833333333334
11 0.33930510314875134 0.18229166666666666 0.1769815418023887 0.05625
11 0.756243213897937 0.19583333333333333 0.07926167209554831 0.04375
5 0.254071661237785 0.4203125 0.31053203040173727 0.440625
9 0.3317046688382193 0.08854166666666667 0.02714440825190011 0.025
11 0.30238870792616723 0.1828125 0.10966340933767643 0.03854166666666667
0 0.5792616720955484 0.32135416666666666 0.11183496199782844 0.11979166666666667
