11 0.3413098236775819 0.12248322147651007 0.22921914357682618 0.08165548098434004
11 0.33690176322418136 0.12136465324384788 0.18261964735516373 0.05480984340044743
11 0.7348866498740554 0.1331096196868009 0.20025188916876574 0.06935123042505593
9 0.4924433249370277 0.7824384787472036 0.14609571788413098 0.06599552572706935
0 0.6102015113350125 0.313758389261745 0.172544080604534 0.21364653243847875
11 0.7657430730478589 0.12472035794183445 0.10075566750629723 0.0592841163310962
11 0.7531486146095718 0.12080536912751678 0.11083123425692695 0.049217002237136466
0 0.6209068010075567 0.2947427293064877 0.16120906801007556 0.15548098434004473
11 0.2600755667506297 0.14093959731543623 0.1070528967254408 0.03355704697986577
0 0.6259445843828715 0.3098434004474273 0.15365239294710328 0.16554809843400448
9 0.4836272040302267 0.7746085011185683 0.13602015113350127 0.06375838926174497
