5 0.2897135416666667 0.5057291666666667 0.2513020833333333 0.440625
9 0.23958333333333334 0.4828125 0.10677083333333333 0.4114583333333333
5 0.814453125 0.5057291666666667 0.23567708333333334 0.4510416666666667
11 0.748046875 0.1890625 0.09244791666666667 0.06979166666666667
9 0.8541666666666666 0.47239583333333335 0.14322916666666666 0.409375
5 0.8626302083333334 0.6505208333333333 0.17838541666666666 0.18020833333333333
5 0.75390625 0.33541666666666664 0.13802083333333334 0.17291666666666666
5 0.8541666666666666 0.47239583333333335 0.14322916666666666 0.409375
5 0.23958333333333334 0.4828125 0.10677083333333333 0.4114583333333333
3 0.6236979166666666 0.65625 0.4088541666666667 0.09375
