13 0.6893424036281179 0.2559893522626442 0.09977324263038549 0.1481810115350488
8 0.3554421768707483 0.5851818988464951 0.11224489795918367 0.10559006211180125
4 0.33900226757369617 0.5634427684117125 0.15873015873015872 0.18278615794143743
9 0.4501133786848073 0.6055900621118012 0.049886621315192746 0.064773735581189
8 0.47619047619047616 0.6020408163265306 0.08390022675736962 0.050576752440106475
9 0.47619047619047616 0.6020408163265306 0.08390022675736962 0.050576752440106475
13 0.6893424036281179 0.2502218278615794 0.11337868480725624 0.17213842058562556
0 0.5544217687074829 0.25377107364685003 0.1111111111111111 0.10825199645075421
8 0.3458049886621315 0.5634427684117125 0.09523809523809523 0.14551907719609583
7 0.4501133786848073 0.6055900621118012 0.049886621315192746 0.064773735581189
8 0.33900226757369617 0.5634427684117125 0.15873015873015872 0.18278615794143743
