3 0.6090909090909091 0.6375685557586838 0.45681818181818185 0.24040219378427788
13 0.2909090909090909 0.5050274223034735 0.22272727272727272 0.15082266910420475
13 0.30568181818181817 0.533363802559415 0.2909090909090909 0.22760511882998172
7 0.2551136363636364 0.5004570383912249 0.1625 0.1343692870201097
7 0.30568181818181817 0.533363802559415 0.2909090909090909 0.22760511882998172
11 0.36477272727272725 0.1686471663619744 0.18181818181818182 0.09414990859232175
11 0.3721590909090909 0.16544789762340037 0.22840909090909092 0.13528336380255943
3 0.6210227272727272 0.6128884826325411 0.4329545454545455 0.22394881170018283
7 0.24261363636363636 0.6773308957952467 0.27386363636363636 0.170018281535649
0 0.6221590909090909 0.3226691042047532 0.13522727272727272 0.1316270566727605
