0 0.5546875 0.2764945652173913 0.10714285714285714 0.18070652173913043
7 0.7578125 0.5584239130434783 0.05357142857142857 0.10869565217391304
3 0.5775669642857143 0.5998641304347826 0.35825892857142855 0.19972826086956522
9 0.8409598214285714 0.45652173913043476 0.0234375 0.08695652173913043
7 0.6579241071428571 0.28804347826086957 0.07700892857142858 0.14673913043478262
3 0.5876116071428571 0.5801630434782609 0.3671875 0.1956521739130435
4 0.6495535714285714 0.3023097826086957 0.0625 0.12092391304347826
0 0.5597098214285714 0.266304347826087 0.09486607142857142 0.14945652173913043
3 0.5876116071428571 0.578125 0.38058035714285715 0.14266304347826086
10 0.18470982142857142 0.6528532608695652 0.056919642857142856 0.09103260869565218
11 0.18470982142857142 0.6528532608695652 0.056919642857142856 0.09103260869565218
7 0.6919642857142857 0.31997282608695654 0.15178571428571427 0.19972826086956522
8 0.6417410714285714 0.28872282608695654 0.07366071428571429 0.15625
7 0.6417410714285714 0.28872282608695654 0.07366071428571429 0.15625
