11 0.27832244008714596 0.15084745762711865 0.1187363834422658 0.09152542372881356
13 0.2238562091503268 0.26440677966101694 0.042483660130718956 0.03615819209039548
13 0.2815904139433551 0.2903954802259887 0.22113289760348584 0.207909604519774
7 0.28921568627450983 0.292090395480226 0.09041394335511982 0.07344632768361582
6 0.28431372549019607 0.26949152542372884 0.14814814814814814 0.15028248587570622
5 0.31917211328976036 0.4745762711864407 0.2440087145969499 0.45649717514124294
0 0.5931372549019608 0.4067796610169492 0.12309368191721133 0.16497175141242937
0 0.5849673202614379 0.40508474576271186 0.15250544662309368 0.18418079096045198
5 0.7293028322440087 0.5011299435028248 0.22766884531590414 0.43954802259887005
3 0.5806100217864923 0.6954802259887005 0.49019607843137253 0.19548022598870057
3 0.5844226579520697 0.7084745762711865 0.5348583877995643 0.18531073446327684
0 0.5822440087145969 0.38813559322033897 0.14270152505446623 0.14350282485875707
3 0.5582788671023965 0.7169491525423729 0.5348583877995643 0.18192090395480226
11 0.7118736383442266 0.18531073446327684 0.17538126361655773 0.09265536723163842
13 0.28921568627450983 0.292090395480226 0.09041394335511982 0.07344632768361582
