3 0.5572916666666666 0.56875 0.3984375 0.1
7 0.24544270833333334 0.571875 0.10546875 0.03958333333333333
11 0.7845052083333334 0.625 0.05859375 0.05416666666666667
10 0.7779947916666666 0.63125 0.061197916666666664 0.04791666666666667
8 0.24674479166666666 0.5869791666666667 0.11588541666666667 0.07395833333333333
3 0.5592447916666666 0.5697916666666667 0.3919270833333333 0.1125
0 0.5227864583333334 0.3723958333333333 0.11848958333333333 0.134375
10 0.7845052083333334 0.625 0.05859375 0.05416666666666667
0 0.5338541666666666 0.36041666666666666 0.13020833333333334 0.12708333333333333
11 0.7779947916666666 0.63125 0.061197916666666664 0.04791666666666667
8 0.24544270833333334 0.5864583333333333 0.11328125 0.07916666666666666
