11 0.7097701149425287 0.18443627450980393 0.15517241379310345 0.08455882352941177
13 0.6724137931034483 0.2849264705882353 0.1752873563218391 0.17279411764705882
7 0.2880747126436782 0.22794117647058823 0.1910919540229885 0.17647058823529413
13 0.6580459770114943 0.2689950980392157 0.1781609195402299 0.20465686274509803
11 0.7061781609195402 0.18627450980392157 0.17097701149425287 0.08823529411764706
0 0.5632183908045977 0.3241421568627451 0.10344827586206896 0.08700980392156862
9 0.2988505747126437 0.23835784313725492 0.14367816091954022 0.11642156862745098
13 0.6479885057471264 0.2647058823529412 0.13505747126436782 0.19117647058823528
8 0.23563218390804597 0.28860294117647056 0.05459770114942529 0.06495098039215687
7 0.18606321839080459 0.5324754901960784 0.05316091954022988 0.06495098039215687
13 0.2959770114942529 0.23958333333333334 0.16954022988505746 0.15073529411764705
13 0.2988505747126437 0.23835784313725492 0.14367816091954022 0.11642156862745098
9 0.18606321839080459 0.5324754901960784 0.05316091954022988 0.06495098039215687
11 0.7543103448275862 0.19975490196078433 0.07758620689655173 0.051470588235294115
