13 0.2398753894080997 0.3111931119311193 0.29283489096573206 0.2091020910209102
13 0.24766355140186916 0.2742927429274293 0.30218068535825543 0.11808118081180811
7 0.14563862928348908 0.24231242312423124 0.03582554517133956 0.02214022140221402
13 0.7663551401869159 0.4095940959409594 0.30218068535825543 0.3025830258302583
7 0.1853582554517134 0.3013530135301353 0.08099688473520249 0.05412054120541206
8 0.3177570093457944 0.25461254612546125 0.102803738317757 0.07380073800738007
13 0.7811526479750779 0.4034440344403444 0.24143302180685358 0.27552275522755226
7 0.8099688473520249 0.3462484624846248 0.2554517133956386 0.16359163591635917
13 0.8099688473520249 0.3462484624846248 0.2554517133956386 0.16359163591635917
0 0.5654205607476636 0.2570725707257073 0.1277258566978193 0.1008610086100861
8 0.1853582554517134 0.3013530135301353 0.08099688473520249 0.05412054120541206
