0 0.5876288659793815 0.379746835443038 0.13917525773195877 0.1611047180667434
11 0.4014175257731959 0.19102416570771003 0.13015463917525774 0.06444188722669736
8 0.17719072164948454 0.6208285385500575 0.029639175257731958 0.031070195627157654
11 0.3795103092783505 0.17261219792865362 0.09664948453608248 0.03682393555811277
13 0.7512886597938144 0.5212888377445339 0.2036082474226804 0.04142692750287687
11 0.6404639175257731 0.1852704257767549 0.08247422680412371 0.039125431530494824
8 0.8904639175257731 0.4902186421173763 0.030927835051546393 0.01611047180667434
13 0.32152061855670105 0.3009205983889528 0.13530927835051546 0.1277330264672037
13 0.3286082474226804 0.333716915995397 0.07216494845360824 0.0759493670886076
13 0.22100515463917525 0.3003452243958573 0.055412371134020616 0.03222094361334868
13 0.18621134020618557 0.7140391254315305 0.03479381443298969 0.0379746835443038
0 0.5947164948453608 0.379746835443038 0.13788659793814434 0.1472957422324511
8 0.845360824742268 0.6041426927502876 0.015463917525773196 0.01380897583429229
3 0.5451030927835051 0.733601841196778 0.43556701030927836 0.17376294591484465
