9 0.5135970333745364 0.5142156862745098 0.18912237330037082 0.45
11 0.7441285537700866 0.1818627450980392 0.0815822002472188 0.04411764705882353
0 0.5716934487021014 0.3299019607843137 0.12484548825710753 0.12450980392156863
9 0.5222496909765142 0.678921568627451 0.2657601977750309 0.3990196078431373
0 0.5778739184177998 0.31813725490196076 0.11990111248454882 0.08333333333333333
9 0.4932014833127318 0.5642156862745098 0.242274412855377 0.3813725490196078
3 0.5889987639060569 0.6421568627450981 0.45859085290482077 0.1607843137254902
3 0.6025957972805933 0.6205882352941177 0.446229913473424 0.14901960784313725
0 0.5784919653893696 0.31813725490196076 0.1334981458590853 0.09705882352941177
3 0.5995055624227441 0.6544117647058824 0.45241038318912236 0.14019607843137255
