0 0.6151685393258427 0.3736951983298539 0.10674157303370786 0.1440501043841336
0 0.6247191011235955 0.3924843423799583 0.1348314606741573 0.16701461377870563
0 0.6140449438202247 0.38413361169102295 0.12696629213483146 0.1440501043841336
7 0.36179775280898874 0.302713987473904 0.060674157303370786 0.033402922755741124
11 0.33202247191011236 0.18319415448851775 0.10674157303370786 0.059498956158663886
11 0.35224719101123597 0.17275574112734865 0.13595505617977527 0.06784968684759916
11 0.6617977528089888 0.15187891440501045 0.11910112359550562 0.026096033402922755
11 0.6735955056179775 0.16022964509394572 0.13370786516853933 0.04279749478079332
11 0.6691011235955057 0.16075156576200417 0.149438202247191 0.03966597077244259
9 0.36179775280898874 0.302713987473904 0.060674157303370786 0.033402922755741124
