7 0.31520591341077087 0.4870996441281139 0.17845828933474128 0.1396797153024911
9 0.25976768743400214 0.4403914590747331 0.4963041182682154 0.3736654804270463
9 0.06441393875395987 0.6374555160142349 0.08025343189017951 0.6379003558718861
13 0.2212249208025343 0.4697508896797153 0.0665258711721225 0.06405693950177936
0 0.5839493136219641 0.2944839857651246 0.1351636747624076 0.11921708185053381
12 0.2961985216473073 0.3487544483985765 0.2692713833157339 0.2526690391459075
9 0.2808870116156283 0.09786476868327403 0.2893347412882788 0.14412811387900357
9 0.0908130939809926 0.5137900355871886 0.16050686378035903 0.8318505338078291
12 0.2697993664202746 0.423932384341637 0.3558606124604013 0.5969750889679716
9 0.054910242872228086 0.521797153024911 0.10348468848996832 0.4012455516014235
9 0.7016895459345301 0.08941281138790036 0.27771911298838436 0.13256227758007116
9 0.249208025343189 0.07962633451957295 0.28299894403379094 0.14679715302491103
12 0.26874340021119325 0.42304270462633453 0.3790918690601901 0.6058718861209964
9 0.49155227032734955 0.07962633451957295 0.7634635691657867 0.0898576512455516
3 0.5781414994720169 0.6067615658362989 0.42344244984160506 0.14056939501779359
10 0.11932418162618796 0.7366548042704626 0.06335797254487856 0.0711743772241993
11 0.11932418162618796 0.7366548042704626 0.06335797254487856 0.0711743772241993
9 0.6974656810982048 0.06628113879003558 0.22914466737064415 0.11832740213523131
9 0.14361140443505807 0.2655693950177936 0.059134107708553325 0.10231316725978648
10 0.2555438225976769 0.7442170818505338 0.3632523759239704 0.04715302491103203
