0 0.6057919621749409 0.26953125 0.10520094562647754 0.09765625
3 0.5697399527186762 0.5029296875 0.41371158392434987 0.126953125
13 0.3309692671394799 0.53662109375 0.13238770685579196 0.1396484375
10 0.2511820330969267 0.6181640625 0.03900709219858156 0.0625
7 0.4373522458628842 0.42919921875 0.09219858156028368 0.2607421875
3 0.5803782505910166 0.53466796875 0.3829787234042553 0.1259765625
0 0.6087470449172577 0.2607421875 0.1111111111111111 0.078125
11 0.2511820330969267 0.6181640625 0.03900709219858156 0.0625
11 0.25236406619385343 0.6240234375 0.02955082742316785 0.02734375
10 0.25236406619385343 0.6240234375 0.02955082742316785 0.02734375
0 0.6164302600472813 0.2744140625 0.08865248226950355 0.1015625
