2 0.4219590958019376 0.6187410586552218 0.02798708288482239 0.06723891273247497
0 0.5958019375672766 0.19027181688125894 0.09149623250807319 0.0944206008583691
11 0.8692142088266954 0.6545064377682404 0.04628632938643703 0.055793991416309016
2 0.422497308934338 0.617310443490701 0.02906350914962325 0.07296137339055794
0 0.5979547900968784 0.20386266094420602 0.08934337997847147 0.13304721030042918
0 0.6006458557588805 0.22103004291845493 0.09041980624327234 0.13304721030042918
3 0.6560818083961248 0.5715307582260372 0.28094725511302476 0.15021459227467812
13 0.4542518837459634 0.19313304721030042 0.09903121636167922 0.19456366237482117
10 0.8692142088266954 0.6545064377682404 0.04628632938643703 0.055793991416309016
10 0.8654467168998924 0.6366237482117311 0.04090419806243272 0.0715307582260372
11 0.8654467168998924 0.6366237482117311 0.04090419806243272 0.0715307582260372
11 0.8643702906350915 0.6387696709585121 0.03229278794402583 0.05293276108726753
2 0.4241119483315393 0.6201716738197425 0.03229278794402583 0.07010014306151645
