6 0.7787162162162162 0.6930933852140078 0.14076576576576577 0.07490272373540856
10 0.08671171171171171 0.7607003891050583 0.05855855855855856 0.1575875486381323
10 0.08896396396396396 0.7874513618677043 0.05630630630630631 0.05544747081712062
11 0.24718468468468469 0.3428988326848249 0.26914414414414417 0.3356031128404669
4 0.7832207207207207 0.6940661478599222 0.16554054054054054 0.07879377431906615
4 0.28716216216216217 0.39250972762645914 0.3108108108108108 0.31809338521400776
13 0.20157657657657657 0.4693579766536965 0.18693693693693694 0.04961089494163424
7 0.26238738738738737 0.3356031128404669 0.25900900900900903 0.2178988326848249
4 0.356981981981982 0.47568093385214005 0.13963963963963963 0.1575875486381323
13 0.28096846846846846 0.41391050583657585 0.3322072072072072 0.47568093385214005
6 0.28716216216216217 0.39250972762645914 0.3108108108108108 0.31809338521400776
6 0.28096846846846846 0.41391050583657585 0.3322072072072072 0.47568093385214005
11 0.11486486486486487 0.7757782101167315 0.10135135135135136 0.07684824902723736
7 0.28096846846846846 0.41391050583657585 0.3322072072072072 0.47568093385214005
10 0.11486486486486487 0.7757782101167315 0.10135135135135136 0.07684824902723736
11 0.08671171171171171 0.7607003891050583 0.05855855855855856 0.1575875486381323
3 0.517454954954955 0.7728599221789884 0.44707207207207206 0.14688715953307394
0 0.5709459459459459 0.42071984435797666 0.13963963963963963 0.13910505836575876
6 0.7905405405405406 0.688715953307393 0.14864864864864866 0.08365758754863813
0 0.5731981981981982 0.4158560311284047 0.12837837837837837 0.11964980544747082
11 0.08896396396396396 0.7874513618677043 0.05630630630630631 0.05544747081712062
