3 0.6197916666666666 0.6161458333333333 0.4895833333333333 0.178125
3 0.638671875 0.6380208333333334 0.44921875 0.15520833333333334
10 0.2584635416666667 0.6 0.30859375 0.23541666666666666
11 0.3111979166666667 0.2109375 0.24479166666666666 0.06979166666666667
7 0.3092447916666667 0.27291666666666664 0.24088541666666666 0.21666666666666667
7 0.2838541666666667 0.503125 0.2682291666666667 0.16041666666666668
0 0.6015625 0.36041666666666666 0.10416666666666667 0.09583333333333334
4 0.3326822916666667 0.3177083333333333 0.14453125 0.125
7 0.2669270833333333 0.5265625 0.203125 0.08645833333333333
4 0.3092447916666667 0.27291666666666664 0.24088541666666666 0.21666666666666667
0 0.5930989583333334 0.38229166666666664 0.13151041666666666 0.12916666666666668
8 0.2545572916666667 0.5083333333333333 0.21744791666666666 0.14791666666666667
10 0.2734375 0.4375 0.3671875 0.55625
10 0.24739583333333334 0.5661458333333333 0.3098958333333333 0.3614583333333333
0 0.5807291666666666 0.375 0.12760416666666666 0.12083333333333333
