11 0.8693495038588754 0.8456730769230769 0.11356119073869901 0.13173076923076923
11 0.05898566703417861 0.9144230769230769 0.04299889746416759 0.075
13 0.7816979051819184 0.604326923076923 0.23814773980154355 0.20673076923076922
10 0.8676957001102535 0.833173076923077 0.11025358324145534 0.09711538461538462
13 0.2205071664829107 0.43846153846153846 0.08379272326350606 0.046153846153846156
11 0.8676957001102535 0.833173076923077 0.11025358324145534 0.09711538461538462
7 0.21830209481808158 0.43125 0.07276736493936053 0.04326923076923077
10 0.880374862183021 0.8480769230769231 0.10033076074972437 0.1326923076923077
7 0.36549062844542446 0.5067307692307692 0.12238147739801543 0.2153846153846154
13 0.8081587651598677 0.5841346153846154 0.17861080485115766 0.13365384615384615
7 0.8280044101433297 0.42980769230769234 0.12348401323042998 0.1423076923076923
11 0.056780595369349506 0.9115384615384615 0.04961411245865491 0.051923076923076926
9 0.36549062844542446 0.5067307692307692 0.12238147739801543 0.2153846153846154
7 0.20782800441014332 0.4341346153846154 0.10253583241455347 0.06634615384615385
6 0.20782800441014332 0.4341346153846154 0.10253583241455347 0.06634615384615385
13 0.7640573318632855 0.5216346153846154 0.2932745314222712 0.28942307692307695
10 0.056780595369349506 0.9115384615384615 0.04961411245865491 0.051923076923076926
10 0.8693495038588754 0.8456730769230769 0.11356119073869901 0.13173076923076923
9 0.7541345093715546 0.5014423076923077 0.2205071664829107 0.32019230769230766
5 0.7541345093715546 0.5014423076923077 0.2205071664829107 0.32019230769230766
