9 0.24846248462484624 0.5763392857142857 0.024600246002460024 0.024107142857142858
8 0.23062730627306274 0.6383928571428571 0.025830258302583026 0.019642857142857142
11 0.3419434194341943 0.17589285714285716 0.14514145141451415 0.026785714285714284
0 0.5694956949569495 0.3678571428571429 0.13530135301353013 0.11607142857142858
9 0.23185731857318573 0.6428571428571429 0.01845018450184502 0.019642857142857142
0 0.5756457564575646 0.35892857142857143 0.13038130381303814 0.08928571428571429
8 0.24846248462484624 0.5763392857142857 0.024600246002460024 0.024107142857142858
11 0.6143911439114391 0.17946428571428572 0.14637146371463713 0.02142857142857143
0 0.5713407134071341 0.36607142857142855 0.13407134071340712 0.1125
8 0.2699876998769988 0.5736607142857143 0.06765067650676507 0.029464285714285714
