11 0.33696837513631406 0.10805084745762712 0.09378407851690294 0.025423728813559324
13 0.22846237731733915 0.28125 0.13631406761177753 0.1875
13 0.6412213740458015 0.20815677966101695 0.08724100327153762 0.17478813559322035
9 0.5070883315158125 0.6694915254237288 0.20719738276990185 0.451271186440678
7 0.7568157033805889 0.1774364406779661 0.04580152671755725 0.04343220338983051
11 0.32061068702290074 0.11970338983050847 0.0916030534351145 0.05296610169491525
11 0.3500545256270447 0.10328389830508475 0.12213740458015267 0.03919491525423729
13 0.7191930207197382 0.2219279661016949 0.1668484187568157 0.1430084745762712
13 0.2862595419847328 0.3463983050847458 0.2955288985823337 0.15466101694915255
11 0.752453653217012 0.16101694915254236 0.0697928026172301 0.057203389830508475
11 0.7115594329334788 0.13559322033898305 0.1559432933478735 0.08686440677966102
13 0.22900763358778625 0.2706567796610169 0.15267175572519084 0.1853813559322034
11 0.6613958560523446 0.12447033898305085 0.1450381679389313 0.04766949152542373
