13 0.26837806301050177 0.2676056338028169 0.2777129521586931 0.2575452716297787
7 0.8378063010501751 0.6765593561368209 0.1073512252042007 0.13380281690140844
10 0.1633605600933489 0.8440643863179075 0.10268378063010501 0.09054325955734406
4 0.8378063010501751 0.6765593561368209 0.1073512252042007 0.13380281690140844
7 0.6295215869311552 0.24949698189134809 0.17386231038506417 0.17303822937625754
11 0.6557759626604434 0.1790744466800805 0.2660443407234539 0.15492957746478872
11 0.8733955659276547 0.7686116700201208 0.050175029171528586 0.03822937625754527
9 0.5414235705950992 0.22887323943661972 0.13768961493582263 0.1659959758551308
4 0.67561260210035 0.3289738430583501 0.1353558926487748 0.10663983903420524
11 0.7082847141190198 0.19466800804828974 0.1516919486581097 0.14788732394366197
7 0.6376896149358227 0.25201207243460766 0.26254375729288215 0.2806841046277666
6 0.26837806301050177 0.2676056338028169 0.2777129521586931 0.2575452716297787
13 0.2619603267211202 0.3038229376257545 0.2508751458576429 0.39436619718309857
6 0.8197199533255543 0.6755533199195171 0.1691948658109685 0.15392354124748492
11 0.15519253208868145 0.857645875251509 0.039673278879813305 0.05331991951710262
7 0.6528588098016336 0.25251509054325955 0.26954492415402564 0.28169014084507044
13 0.26954492415402564 0.3420523138832998 0.2707117852975496 0.42655935613682094
6 0.26954492415402564 0.3420523138832998 0.2707117852975496 0.42655935613682094
13 0.6376896149358227 0.25201207243460766 0.26254375729288215 0.2806841046277666
7 0.7957992998833139 0.6267605633802817 0.20536756126021002 0.2414486921529175
10 0.8733955659276547 0.7686116700201208 0.050175029171528586 0.03822937625754527
10 0.15519253208868145 0.857645875251509 0.039673278879813305 0.05331991951710262
11 0.1633605600933489 0.8440643863179075 0.10268378063010501 0.09054325955734406
