11 0.671875 0.21668667466986793 0.18342391304347827 0.06362545018007203
13 0.34171195652173914 0.26770708283313327 0.18885869565217392 0.14165666266506602
11 0.6739130434782609 0.22509003601440578 0.15489130434782608 0.025210084033613446
1 0.6800271739130435 0.2190876350540216 0.17527173913043478 0.058823529411764705
8 0.7703804347826086 0.6920768307322929 0.2826086956521739 0.2917166866746699
13 0.720108695652174 0.375750300120048 0.21739130434782608 0.28811524609843936
13 0.7302989130434783 0.3457382953181273 0.22418478260869565 0.24969987995198079
8 0.3186141304347826 0.7226890756302521 0.020380434782608696 0.01680672268907563
11 0.3267663043478261 0.21068427370948378 0.06385869565217392 0.04201680672268908
13 0.38383152173913043 0.30732292917166865 0.16983695652173914 0.16566626650660263
13 0.6997282608695652 0.35714285714285715 0.18478260869565216 0.25090036014405764
7 0.720108695652174 0.375750300120048 0.21739130434782608 0.28811524609843936
11 0.4279891304347826 0.2028811524609844 0.07065217391304347 0.024009603841536616
