6 0.333984375 0.13125 0.12890625 0.07083333333333333
6 0.626953125 0.13125 0.14453125 0.11041666666666666
6 0.3450520833333333 0.15260416666666668 0.1484375 0.13020833333333334
7 0.3450520833333333 0.15260416666666668 0.1484375 0.13020833333333334
6 0.642578125 0.14010416666666667 0.17838541666666666 0.121875
6 0.3255208333333333 0.146875 0.12239583333333333 0.10208333333333333
13 0.3255208333333333 0.146875 0.12239583333333333 0.10208333333333333
13 0.626953125 0.13125 0.14453125 0.11041666666666666
7 0.642578125 0.14010416666666667 0.17838541666666666 0.121875
6 0.6302083333333334 0.12760416666666666 0.1328125 0.08020833333333334
