8 0.7734604105571847 0.6929611650485437 0.11290322580645161 0.08009708737864078
11 0.13563049853372433 0.8822815533980582 0.06304985337243402 0.06310679611650485
7 0.7734604105571847 0.6929611650485437 0.11290322580645161 0.08009708737864078
11 0.3086510263929619 0.17111650485436894 0.18328445747800587 0.050970873786407765
11 0.6385630498533724 0.1717233009708738 0.15689149560117302 0.04733009708737864
11 0.6282991202346041 0.16565533980582525 0.12463343108504399 0.03519417475728155
8 0.7763929618768328 0.6881067961165048 0.10997067448680352 0.0825242718446602
0 0.5219941348973607 0.33555825242718446 0.1348973607038123 0.08616504854368932
8 0.7148093841642229 0.6104368932038835 0.036656891495601175 0.0412621359223301
8 0.7287390029325513 0.6213592233009708 0.06158357771260997 0.043689320388349516
11 0.6334310850439883 0.16929611650485438 0.12609970674486803 0.03762135922330097
8 0.7719941348973607 0.6893203883495146 0.1158357771260997 0.08980582524271845
