5 0.2144638403990025 0.6980651731160896 0.19950124688279303 0.20875763747454176
8 0.2817955112219451 0.7184317718940937 0.06733167082294264 0.04175152749490835
8 0.7793017456359103 0.6909368635437881 0.06483790523690773 0.045824847250509164
6 0.23753117206982544 0.645112016293279 0.2256857855361596 0.3105906313645621
10 0.14276807980049874 0.8233197556008147 0.06608478802992519 0.06008146639511202
11 0.14276807980049874 0.8233197556008147 0.06608478802992519 0.06008146639511202
0 0.5617206982543641 0.34317718940936864 0.11097256857855362 0.09979633401221996
6 0.20511221945137156 0.6517311608961304 0.18329177057356608 0.34012219959266804
11 0.8079800498753117 0.7612016293279023 0.04239401496259352 0.019348268839103868
7 0.20511221945137156 0.6517311608961304 0.18329177057356608 0.34012219959266804
8 0.7793017456359103 0.6939918533604889 0.06234413965087282 0.03971486761710794
