0 0.5685579196217494 0.27197265625 0.14184397163120568 0.1240234375
3 0.5786052009456265 0.5302734375 0.4314420803782506 0.076171875
0 0.5697399527186762 0.26806640625 0.1276595744680851 0.1123046875
11 0.1554373522458629 0.677734375 0.041371158392434985 0.05859375
0 0.567966903073286 0.2880859375 0.13120567375886524 0.140625
10 0.1554373522458629 0.677734375 0.041371158392434985 0.05859375
3 0.5667848699763594 0.51513671875 0.450354609929078 0.1357421875
11 0.648936170212766 0.14453125 0.11583924349881797 0.056640625
9 0.50177304964539 0.43017578125 0.28250591016548465 0.6025390625
9 0.4438534278959811 0.3740234375 0.10756501182033097 0.32421875
3 0.5685579196217494 0.52734375 0.44208037825059104 0.09375
9 0.4355791962174941 0.400390625 0.08865248226950355 0.373046875
