11 0.2587890625 0.49462890625 0.0859375 0.3427734375
3 0.55126953125 0.5888671875 0.3173828125 0.099609375
10 0.330078125 0.62451171875 0.19140625 0.1142578125
11 0.38232421875 0.14794921875 0.0849609375 0.0146484375
11 0.59765625 0.13232421875 0.103515625 0.0302734375
11 0.28369140625 0.61865234375 0.0986328125 0.1650390625
10 0.28369140625 0.61865234375 0.0986328125 0.1650390625
5 0.34814453125 0.37353515625 0.1943359375 0.4443359375
11 0.26806640625 0.60302734375 0.0615234375 0.0986328125
11 0.38916015625 0.1435546875 0.1181640625 0.033203125
6 0.31103515625 0.26708984375 0.0869140625 0.0751953125
10 0.26806640625 0.60302734375 0.0615234375 0.0986328125
0 0.537109375 0.302734375 0.09375 0.1171875
7 0.31103515625 0.26708984375 0.0869140625 0.0751953125
11 0.3671875 0.17138671875 0.119140625 0.0478515625
11 0.2705078125 0.46240234375 0.0625 0.3134765625
0 0.53662109375 0.30712890625 0.1025390625 0.1435546875
3 0.52978515625 0.5615234375 0.3232421875 0.166015625
0 0.53271484375 0.30810546875 0.1025390625 0.1181640625
5 0.67724609375 0.4794921875 0.1962890625 0.326171875
