13 0.12989921612541994 0.7057026476578412 0.03807390817469205 0.06109979633401222
11 0.08846584546472565 0.7729124236252546 0.04479283314669653 0.05091649694501019
0 0.5806270996640538 0.32230142566191444 0.135498320268757 0.13136456211812628
10 0.08846584546472565 0.7729124236252546 0.04479283314669653 0.05091649694501019
9 0.16461366181410975 0.6267820773930753 0.1455767077267637 0.10081466395112017
10 0.09966405375139978 0.7759674134419552 0.08062709966405375 0.07128309572301425
11 0.09966405375139978 0.7759674134419552 0.08062709966405375 0.07128309572301425
9 0.1780515117581187 0.6120162932790224 0.1590145576707727 0.12423625254582485
13 0.12094064949608063 0.6995926680244399 0.026875699888017916 0.05091649694501019
7 0.16517357222844345 0.6186354378818737 0.14893617021276595 0.10692464358452139
10 0.08342665173572228 0.7561099796334012 0.054871220604703244 0.15580448065173116
11 0.08342665173572228 0.7561099796334012 0.054871220604703244 0.15580448065173116
