3 0.5778032036613272 0.5317095588235294 0.4439359267734554 0.14430147058823528
7 0.33352402745995424 0.45174632352941174 0.14302059496567507 0.07996323529411764
11 0.08695652173913043 0.5914522058823529 0.041189931350114416 0.11488970588235294
10 0.08695652173913043 0.5914522058823529 0.041189931350114416 0.11488970588235294
12 0.9170480549199085 0.5978860294117647 0.08581235697940504 0.12408088235294118
0 0.5909610983981693 0.3166360294117647 0.14530892448512586 0.13878676470588236
0 0.5835240274599542 0.3170955882352941 0.13501144164759726 0.13970588235294118
11 0.9170480549199085 0.5978860294117647 0.08581235697940504 0.12408088235294118
3 0.6001144164759725 0.5257352941176471 0.4496567505720824 0.13051470588235295
8 0.5818077803203662 0.32950367647058826 0.17963386727688788 0.15533088235294118
