10 0.14243498817966904 0.52587890625 0.0508274231678487 0.0654296875
9 0.7689125295508275 0.501953125 0.2375886524822695 0.09375
3 0.5644208037825059 0.47119140625 0.41252955082742315 0.1083984375
0 0.5608747044917257 0.24853515625 0.11702127659574468 0.1083984375
10 0.15189125295508274 0.51611328125 0.07210401891252956 0.0751953125
11 0.14243498817966904 0.52587890625 0.0508274231678487 0.0654296875
9 0.7559101654846335 0.50732421875 0.26595744680851063 0.1240234375
0 0.5585106382978723 0.23486328125 0.12174940898345153 0.0888671875
11 0.15189125295508274 0.51611328125 0.07210401891252956 0.0751953125
7 0.36524822695035464 0.36962890625 0.0851063829787234 0.1123046875
0 0.5585106382978723 0.23876953125 0.11702127659574468 0.0908203125
