0 0.5572916666666666 0.359375 0.109375 0.12916666666666668
10 0.09440104166666667 0.7994791666666666 0.05078125 0.059375
11 0.09440104166666667 0.7994791666666666 0.05078125 0.059375
7 0.3138020833333333 0.32083333333333336 0.06510416666666667 0.19375
8 0.17578125 0.7640625 0.06510416666666667 0.04479166666666667
11 0.595703125 0.18697916666666667 0.15755208333333334 0.057291666666666664
10 0.09440104166666667 0.8098958333333334 0.02734375 0.04479166666666667
9 0.18033854166666666 0.7651041666666667 0.06901041666666667 0.03854166666666667
7 0.17838541666666666 0.7635416666666667 0.078125 0.041666666666666664
0 0.5572916666666666 0.36041666666666666 0.125 0.11666666666666667
10 0.09114583333333333 0.8036458333333333 0.041666666666666664 0.057291666666666664
11 0.09114583333333333 0.8036458333333333 0.041666666666666664 0.057291666666666664
11 0.09440104166666667 0.8098958333333334 0.02734375 0.04479166666666667
9 0.17578125 0.7640625 0.06510416666666667 0.04479166666666667
0 0.5397135416666666 0.3572916666666667 0.15755208333333334 0.11458333333333333
