10 0.15550978372811536 0.7669990933816863 0.035015447991761074 0.056210335448776065
11 0.15550978372811536 0.7669990933816863 0.035015447991761074 0.056210335448776065
13 0.34757981462409887 0.2243880326382593 0.10813594232749743 0.12601994560290117
11 0.3429454170957775 0.13191296464188576 0.14830072090628219 0.0770625566636446
13 0.7018537590113285 0.23209428830462375 0.08753861997940268 0.06527651858567543
13 0.7013388259526262 0.23118766999093382 0.08444902162718847 0.09247506799637353
13 0.3419155509783728 0.2157751586582049 0.09474768280123584 0.09972801450589303
7 0.8403707518022657 0.6890299184043518 0.061791967044284246 0.11242067089755213
2 0.3419155509783728 0.2157751586582049 0.09474768280123584 0.09972801450589303
8 0.3666323377960865 0.1872166817769719 0.037075180226570546 0.033544877606527655
2 0.3666323377960865 0.1872166817769719 0.037075180226570546 0.033544877606527655
11 0.3321318228630278 0.1255666364460562 0.1266735324407827 0.044424297370806894
13 0.8362512873326468 0.7044424297370807 0.06591143151390319 0.0743427017225748
0 0.5411946446961895 0.29510426110607435 0.07106076210092688 0.06980961015412511
13 0.35581874356333676 0.21894832275611967 0.101956745623069 0.1115140525838622
9 0.8362512873326468 0.7044424297370807 0.06591143151390319 0.0743427017225748
13 0.6967044284243048 0.23164097914777879 0.06488156539649846 0.07162284678150499
13 0.829557157569516 0.657298277425204 0.06694129763130793 0.1541251133272892
