10 0.928654970760234 0.7249119718309859 0.04912280701754386 0.06778169014084508
7 0.3935672514619883 0.5277288732394366 0.14619883040935672 0.21038732394366197
12 0.7444444444444445 0.3160211267605634 0.30994152046783624 0.22711267605633803
12 0.2935672514619883 0.3336267605633803 0.3649122807017544 0.27816901408450706
12 0.2994152046783626 0.366637323943662 0.32748538011695905 0.2262323943661972
11 0.9269005847953217 0.738556338028169 0.04327485380116959 0.058098591549295774
12 0.28888888888888886 0.33670774647887325 0.34152046783625734 0.28257042253521125
1 0.3935672514619883 0.5277288732394366 0.14619883040935672 0.21038732394366197
11 0.928654970760234 0.7249119718309859 0.04912280701754386 0.06778169014084508
12 0.19181286549707602 0.7389964788732394 0.34385964912280703 0.238556338028169
7 0.39824561403508774 0.5176056338028169 0.12514619883040937 0.15492957746478872
10 0.9269005847953217 0.738556338028169 0.04327485380116959 0.058098591549295774
