0 0.5271317829457365 0.24539473684210528 0.11782945736434108 0.08026315789473684
4 0.27596899224806204 0.39407894736842103 0.18604651162790697 0.12236842105263158
11 0.3 0.1506578947368421 0.21550387596899226 0.06973684210526315
11 0.2317829457364341 0.5546052631578947 0.04186046511627907 0.025
6 0.18527131782945735 0.41842105263157897 0.22170542635658916 0.30526315789473685
11 0.26589147286821707 0.14671052631578949 0.16589147286821707 0.046052631578947366
13 0.18527131782945735 0.41842105263157897 0.22170542635658916 0.30526315789473685
6 0.23565891472868217 0.3907894736842105 0.29147286821705426 0.37105263157894736
8 0.2186046511627907 0.5052631578947369 0.05891472868217054 0.04736842105263158
0 0.5387596899224806 0.24078947368421053 0.10697674418604651 0.08947368421052632
7 0.2302325581395349 0.39473684210526316 0.2527131782945736 0.12368421052631579
7 0.26589147286821707 0.14671052631578949 0.16589147286821707 0.046052631578947366
4 0.2302325581395349 0.39473684210526316 0.2527131782945736 0.12368421052631579
13 0.23565891472868217 0.3907894736842105 0.29147286821705426 0.37105263157894736
7 0.2193798449612403 0.5013157894736842 0.05426356589147287 0.05263157894736842
8 0.2193798449612403 0.5013157894736842 0.05426356589147287 0.05263157894736842
