10 0.9068287037037037 0.9051306873184899 0.059027777777777776 0.05808325266214908
13 0.9126157407407407 0.8523717328170377 0.015046296296296295 0.07454017424975799
13 0.28703703703703703 0.1999031945788964 0.037037037037037035 0.026137463697967087
11 0.14872685185185186 0.7933204259438529 0.12384259259259259 0.14617618586640851
10 0.9045138888888888 0.9099709583736689 0.06597222222222222 0.09486931268151017
11 0.1701388888888889 0.8102613746369797 0.125 0.1335914811229429
9 0.4699074074074074 0.6006776379477251 0.027777777777777776 0.026137463697967087
11 0.9068287037037037 0.9051306873184899 0.059027777777777776 0.05808325266214908
0 0.5920138888888888 0.32623426911907066 0.10069444444444445 0.0909970958373669
10 0.15335648148148148 0.7884801548886737 0.08680555555555555 0.15004840271055178
9 0.2204861111111111 0.27202323330106487 0.059027777777777776 0.03484995159728945
13 0.2204861111111111 0.27202323330106487 0.059027777777777776 0.03484995159728945
10 0.1701388888888889 0.8102613746369797 0.125 0.1335914811229429
8 0.28703703703703703 0.1999031945788964 0.037037037037037035 0.026137463697967087
10 0.14872685185185186 0.7933204259438529 0.12384259259259259 0.14617618586640851
11 0.9045138888888888 0.9099709583736689 0.06597222222222222 0.09486931268151017
11 0.15335648148148148 0.7884801548886737 0.08680555555555555 0.15004840271055178
