10 0.890625 0.6746651785714286 0.05298913043478261 0.08816964285714286
0 0.592391304347826 0.3861607142857143 0.1358695652173913 0.13839285714285715
0 0.5978260869565217 0.38504464285714285 0.1358695652173913 0.13839285714285715
11 0.890625 0.6746651785714286 0.05298913043478261 0.08816964285714286
4 0.2751358695652174 0.4654017857142857 0.18885869565217392 0.140625
8 0.2751358695652174 0.4654017857142857 0.18885869565217392 0.140625
9 0.7792119565217391 0.7405133928571429 0.3111413043478261 0.11941964285714286
8 0.2710597826086957 0.4760044642857143 0.19972826086956522 0.13727678571428573
3 0.5760869565217391 0.67578125 0.45652173913043476 0.1328125
7 0.2710597826086957 0.4760044642857143 0.19972826086956522 0.13727678571428573
8 0.28464673913043476 0.47377232142857145 0.17527173913043478 0.13950892857142858
7 0.2751358695652174 0.4654017857142857 0.18885869565217392 0.140625
0 0.5903532608695652 0.38895089285714285 0.13722826086956522 0.1328125
4 0.2710597826086957 0.4760044642857143 0.19972826086956522 0.13727678571428573
