2 0.5715137067938022 0.3166501486620416 0.10369487485101311 0.19326065411298315
2 0.1537544696066746 0.591179385530228 0.057210965435041714 0.026759167492566897
2 0.39749702026221695 0.3250743310208127 0.10369487485101311 0.1506442021803766
2 0.38855780691299163 0.3305252725470763 0.10011918951132301 0.15361744301288405
2 0.5452920143027413 0.19970267591674926 0.07508939213349225 0.062438057482656094
2 0.5500595947556615 0.2001982160555005 0.05601907032181168 0.03369672943508424
2 0.22288438617401668 0.3126858275520317 0.06912991656734208 0.05054509415262636
2 0.5804529201430274 0.3330029732408325 0.10727056019070322 0.1565906838453915
2 0.21871275327771156 0.3151635282457879 0.06555423122765197 0.06342913776015857
2 0.22169249106078665 0.31367690782953417 0.04767580452920143 0.04261645193260654
2 0.5959475566150179 0.33102081268582756 0.10488676996424315 0.13875123885034688
3 0.567938021454112 0.5986124876114965 0.48510131108462456 0.24578790882061446
2 0.39690107270560193 0.3250743310208127 0.09058402860548272 0.13478691774033696
