11 0.22576832151300236 0.52880859375 0.06382978723404255 0.0576171875
0 0.574468085106383 0.18017578125 0.1111111111111111 0.0830078125
10 0.7978723404255319 0.52734375 0.05200945626477541 0.056640625
3 0.5667848699763594 0.4677734375 0.41252955082742315 0.12109375
11 0.22399527186761228 0.52490234375 0.06264775413711583 0.0576171875
11 0.7978723404255319 0.52734375 0.05200945626477541 0.056640625
0 0.5703309692671394 0.185546875 0.11229314420803782 0.12109375
0 0.5721040189125296 0.17431640625 0.10401891252955082 0.0908203125
10 0.22104018912529552 0.53125 0.05200945626477541 0.052734375
3 0.5591016548463357 0.4921875 0.3829787234042553 0.091796875
10 0.22399527186761228 0.52490234375 0.06264775413711583 0.0576171875
11 0.8031914893617021 0.5390625 0.10283687943262411 0.091796875
10 0.8031914893617021 0.5390625 0.10283687943262411 0.091796875
11 0.22104018912529552 0.53125 0.05200945626477541 0.052734375
3 0.5626477541371159 0.4755859375 0.3947990543735225 0.1171875
11 0.36583924349881797 0.08447265625 0.11702127659574468 0.0283203125
10 0.22576832151300236 0.52880859375 0.06382978723404255 0.0576171875
