7 0.8498883928571429 0.5998641304347826 0.22433035714285715 0.6290760869565217
7 0.43973214285714285 0.7459239130434783 0.23660714285714285 0.22554347826086957
7 0.8152901785714286 0.33559782608695654 0.12611607142857142 0.14402173913043478
9 0.8376116071428571 0.6209239130434783 0.20870535714285715 0.6521739130434783
7 0.8376116071428571 0.6209239130434783 0.20870535714285715 0.6521739130434783
8 0.8152901785714286 0.33559782608695654 0.12611607142857142 0.14402173913043478
0 0.6780133928571429 0.4266304347826087 0.1015625 0.18478260869565216
7 0.7918526785714286 0.31521739130434784 0.17075892857142858 0.18206521739130435
13 0.8152901785714286 0.33559782608695654 0.12611607142857142 0.14402173913043478
11 0.7494419642857143 0.203125 0.14620535714285715 0.058423913043478264
7 0.41573660714285715 0.6222826086956522 0.25111607142857145 0.4429347826086957
9 0.8152901785714286 0.33559782608695654 0.12611607142857142 0.14402173913043478
0 0.6774553571428571 0.389945652173913 0.109375 0.10054347826086957
