11 0.42138671875 0.15185546875 0.0849609375 0.0205078125
13 0.6875 0.26220703125 0.140625 0.1533203125
13 0.6904296875 0.27587890625 0.123046875 0.1689453125
2 0.39990234375 0.29541015625 0.1552734375 0.1806640625
13 0.40087890625 0.244140625 0.1689453125 0.169921875
11 0.40771484375 0.1494140625 0.1162109375 0.037109375
2 0.6904296875 0.27587890625 0.123046875 0.1689453125
2 0.41455078125 0.28369140625 0.1630859375 0.1982421875
13 0.72607421875 0.27783203125 0.1298828125 0.1630859375
13 0.39990234375 0.29541015625 0.1552734375 0.1806640625
8 0.34912109375 0.369140625 0.0283203125 0.01953125
2 0.72607421875 0.27783203125 0.1298828125 0.1630859375
13 0.41455078125 0.28369140625 0.1630859375 0.1982421875
