11 0.6457663451232583 0.16544117647058823 0.12968917470525188 0.029411764705882353
11 0.3542336548767417 0.1567095588235294 0.08467309753483387 0.017463235294117647
0 0.5659163987138264 0.3092830882352941 0.12218649517684887 0.09650735294117647
11 0.6034297963558414 0.16498161764705882 0.10932475884244373 0.057904411764705885
11 0.3687031082529475 0.17003676470588236 0.13933547695605572 0.04595588235294118
13 0.6066452304394426 0.20634191176470587 0.01929260450160772 0.043198529411764705
13 0.37942122186495175 0.1870404411764706 0.08788853161843516 0.02849264705882353
11 0.35691318327974275 0.16268382352941177 0.14362272240085744 0.02022058823529412
0 0.5653804930332261 0.31893382352941174 0.10182207931404073 0.11580882352941177
13 0.6109324758842444 0.19025735294117646 0.05787781350482315 0.058823529411764705
13 0.3692390139335477 0.18612132352941177 0.031082529474812434 0.046875
0 0.5728831725616291 0.3083639705882353 0.0932475884244373 0.07996323529411764
11 0.6221864951768489 0.16314338235294118 0.1382636655948553 0.019301470588235295
