5 0.5215827338129496 0.26234213547646384 0.6594724220623501 0.3203214695752009
2 0.32793764988009594 0.22043628013777267 0.23860911270983212 0.2709529276693456
9 0.2476019184652278 0.5068886337543054 0.19304556354916066 0.14351320321469574
13 0.2476019184652278 0.5068886337543054 0.19304556354916066 0.14351320321469574
9 0.5215827338129496 0.26234213547646384 0.6594724220623501 0.3203214695752009
6 0.6798561151079137 0.17680826636050517 0.18465227817745802 0.18140068886337543
0 0.5365707434052758 0.3203214695752009 0.23381294964028776 0.24339839265212398
11 0.31654676258992803 0.12227324913892078 0.1366906474820144 0.07921928817451206
13 0.32793764988009594 0.22043628013777267 0.23860911270983212 0.2709529276693456
11 0.5215827338129496 0.26234213547646384 0.6594724220623501 0.3203214695752009
13 0.5215827338129496 0.26234213547646384 0.6594724220623501 0.3203214695752009
8 0.5215827338129496 0.26234213547646384 0.6594724220623501 0.3203214695752009
6 0.6966426858513189 0.23880597014925373 0.2182254196642686 0.22732491389207807
6 0.3183453237410072 0.17738231917336394 0.2170263788968825 0.19632606199770378
6 0.32793764988009594 0.22043628013777267 0.23860911270983212 0.2709529276693456
7 0.6966426858513189 0.23880597014925373 0.2182254196642686 0.22732491389207807
13 0.6966426858513189 0.23880597014925373 0.2182254196642686 0.22732491389207807
