11 0.1111111111111111 0.7771139705882353 0.06222222222222222 0.08363970588235294
11 0.6755555555555556 0.13924632352941177 0.15555555555555556 0.030330882352941176
11 0.7316666666666667 0.14568014705882354 0.11 0.03952205882352941
11 0.7161111111111111 0.13648897058823528 0.0811111111111111 0.03216911764705882
11 0.1111111111111111 0.7738970588235294 0.07777777777777778 0.1323529411764706
11 0.32666666666666666 0.17509191176470587 0.17777777777777778 0.03768382352941176
11 0.11944444444444445 0.7863051470588235 0.07 0.08915441176470588
11 0.8794444444444445 0.8828125 0.04777777777777778 0.07077205882352941
10 0.1111111111111111 0.7738970588235294 0.07777777777777778 0.1323529411764706
10 0.1111111111111111 0.7771139705882353 0.06222222222222222 0.08363970588235294
11 0.3188888888888889 0.17509191176470587 0.16444444444444445 0.02849264705882353
11 0.29888888888888887 0.18428308823529413 0.16 0.05238970588235294
