10 0.24349881796690306 0.63037109375 0.04728132387706856 0.0556640625
11 0.24349881796690306 0.63037109375 0.04728132387706856 0.0556640625
0 0.566193853427896 0.302734375 0.12293144208037825 0.142578125
8 0.7919621749408984 0.54296875 0.04018912529550828 0.0390625
8 0.3126477541371158 0.56640625 0.04373522458628842 0.029296875
0 0.5289598108747045 0.29345703125 0.1950354609929078 0.1201171875
0 0.5673758865248227 0.27978515625 0.09929078014184398 0.1044921875
10 0.2375886524822695 0.6328125 0.05200945626477541 0.078125
10 0.25472813238770686 0.634765625 0.08392434988179669 0.091796875
11 0.25472813238770686 0.634765625 0.08392434988179669 0.091796875
11 0.2375886524822695 0.6328125 0.05200945626477541 0.078125
