10 0.8771121351766513 0.5230224321133412 0.13517665130568357 0.2597402597402597
7 0.6712749615975423 0.19185360094451004 0.11674347158218126 0.09090909090909091
4 0.7688172043010753 0.512396694214876 0.19201228878648233 0.27863046044864226
10 0.7373271889400922 0.512396694214876 0.4485407066052227 0.41086186540731995
7 0.17665130568356374 0.4834710743801653 0.18433179723502305 0.18536009445100354
4 0.7373271889400922 0.512396694214876 0.4485407066052227 0.41086186540731995
4 0.7649769585253456 0.4557260920897285 0.21812596006144394 0.2833530106257379
7 0.8809523809523809 0.5448642266824085 0.14285714285714285 0.2538370720188902
11 0.728110599078341 0.1641086186540732 0.21505376344086022 0.09445100354191263
10 0.8809523809523809 0.5448642266824085 0.14285714285714285 0.2538370720188902
