0 0.5789779326364692 0.4242728184553661 0.13124274099883856 0.12437311935807423
10 0.15505226480836237 0.7331995987963892 0.13821138211382114 0.11033099297893681
11 0.9047619047619048 0.8786359077231695 0.06968641114982578 0.1464393179538616
10 0.2346109175377468 0.7768304914744233 0.3089430894308943 0.16349047141424272
7 0.31939605110336816 0.6795386158475426 0.2067363530778165 0.16950852557673018
7 0.2961672473867596 0.7006018054162487 0.19047619047619047 0.14744232698094284
13 0.7491289198606271 0.421765295887663 0.023228803716608595 0.023069207622868605
10 0.2346109175377468 0.7527582748244734 0.3530778164924506 0.3039117352056169
13 0.2770034843205575 0.29538615847542626 0.13821138211382114 0.029087261785356068
11 0.15505226480836237 0.7331995987963892 0.13821138211382114 0.11033099297893681
13 0.18989547038327526 0.7086258776328987 0.1521486643437863 0.029087261785356068
7 0.30952380952380953 0.7011033099297894 0.26364692218350755 0.25075225677031093
10 0.9047619047619048 0.8786359077231695 0.06968641114982578 0.1464393179538616
