13 0.3039735099337748 0.22899590163934427 0.176158940397351 0.13217213114754098
13 0.7284768211920529 0.23975409836065573 0.17748344370860927 0.16393442622950818
2 0.176158940397351 0.35860655737704916 0.045033112582781455 0.028688524590163935
13 0.8125827814569536 0.6214139344262295 0.21589403973509932 0.2038934426229508
2 0.6900662251655629 0.18545081967213115 0.05033112582781457 0.040983606557377046
2 0.18013245033112582 0.36168032786885246 0.03443708609271523 0.018442622950819672
13 0.8794701986754967 0.6439549180327869 0.09006622516556291 0.027663934426229508
8 0.2721854304635762 0.2551229508196721 0.06754966887417219 0.04918032786885246
13 0.7172185430463576 0.23206967213114754 0.17086092715231788 0.24282786885245902
2 0.7284768211920529 0.23975409836065573 0.17748344370860927 0.16393442622950818
2 0.7172185430463576 0.23206967213114754 0.17086092715231788 0.24282786885245902
13 0.8483443708609272 0.6690573770491803 0.14966887417218544 0.11475409836065574
2 0.3039735099337748 0.22899590163934427 0.176158940397351 0.13217213114754098
