8 0.7890625 0.21197916666666666 0.033854166666666664 0.021875
13 0.24609375 0.46510416666666665 0.09895833333333333 0.021875
9 0.7942708333333334 0.19739583333333333 0.049479166666666664 0.057291666666666664
0 0.6197916666666666 0.31979166666666664 0.11458333333333333 0.12708333333333333
8 0.2897135416666667 0.49270833333333336 0.029947916666666668 0.022916666666666665
0 0.6158854166666666 0.3098958333333333 0.11197916666666667 0.10104166666666667
8 0.919921875 0.5036458333333333 0.01953125 0.013541666666666667
8 0.2923177083333333 0.49166666666666664 0.029947916666666668 0.022916666666666665
8 0.8072916666666666 0.18125 0.03125 0.025
8 0.4498697916666667 0.55625 0.048177083333333336 0.03333333333333333
7 0.806640625 0.19791666666666666 0.06640625 0.05625
