11 0.9010416666666666 0.7005208333333334 0.0234375 0.03229166666666667
10 0.9010416666666666 0.7005208333333334 0.0234375 0.03229166666666667
9 0.8046875 0.5744791666666667 0.041666666666666664 0.03229166666666667
3 0.5885416666666666 0.6197916666666666 0.4375 0.125
7 0.8046875 0.5744791666666667 0.041666666666666664 0.03229166666666667
0 0.6080729166666666 0.3098958333333333 0.16927083333333334 0.13854166666666667
0 0.58984375 0.30625 0.15625 0.11875
13 0.2623697916666667 0.615625 0.07421875 0.08125
0 0.6015625 0.30625 0.16145833333333334 0.1375
13 0.853515625 0.6036458333333333 0.05859375 0.040625
13 0.8489583333333334 0.6130208333333333 0.08072916666666667 0.03854166666666667
7 0.8046875 0.5723958333333333 0.044270833333333336 0.034375
