7 0.73388671875 0.55712890625 0.1884765625 0.0927734375
11 0.8515625 0.61181640625 0.064453125 0.0791015625
10 0.8515625 0.61181640625 0.064453125 0.0791015625
7 0.76171875 0.630859375 0.224609375 0.150390625
10 0.76171875 0.630859375 0.224609375 0.150390625
11 0.85986328125 0.630859375 0.0712890625 0.091796875
0 0.56201171875 0.27392578125 0.0966796875 0.1005859375
13 0.61328125 0.1455078125 0.033203125 0.044921875
10 0.85986328125 0.630859375 0.0712890625 0.091796875
7 0.61328125 0.1455078125 0.033203125 0.044921875
13 0.62890625 0.1650390625 0.05078125 0.056640625
