9 0.5149439601494396 0.4198645598194131 0.1855541718555417 0.44469525959367945
3 0.5753424657534246 0.6207674943566591 0.5603985056039851 0.2054176072234763
9 0.5031133250311333 0.26241534988713316 0.10709838107098381 0.04853273137697517
8 0.7247820672478207 0.25112866817155755 0.05977584059775841 0.034988713318284424
8 0.6768368617683687 0.17155756207674944 0.0784557907845579 0.04288939051918736
9 0.4987546699875467 0.43284424379232506 0.10834371108343711 0.05304740406320542
11 0.8623910336239103 0.7483069977426636 0.15317559153175592 0.12415349887133183
10 0.9066002490660025 0.7471783295711061 0.074719800747198 0.07674943566591422
9 0.5193026151930261 0.5496613995485328 0.16189290161892902 0.14221218961625282
9 0.4987546699875467 0.3510158013544018 0.07347447073474471 0.04740406320541761
