0 0.59423828125 0.31787109375 0.1181640625 0.1279296875
13 0.36669921875 0.27294921875 0.1337890625 0.1572265625
1 0.6767578125 0.2880859375 0.12890625 0.189453125
13 0.68994140625 0.35791015625 0.2001953125 0.2431640625
11 0.7236328125 0.22607421875 0.09765625 0.1005859375
7 0.607421875 0.23974609375 0.095703125 0.1669921875
1 0.68994140625 0.35791015625 0.2001953125 0.2431640625
7 0.68994140625 0.35791015625 0.2001953125 0.2431640625
11 0.666015625 0.21875 0.20703125 0.10546875
13 0.6767578125 0.2880859375 0.12890625 0.189453125
13 0.3369140625 0.2333984375 0.0390625 0.0390625
11 0.7314453125 0.2373046875 0.08984375 0.091796875
11 0.6015625 0.28466796875 0.072265625 0.2099609375
13 0.71435546875 0.29931640625 0.1630859375 0.1845703125
13 0.3056640625 0.271484375 0.1015625 0.125
