8 0.20674486803519063 0.43559322033898307 0.1348973607038123 0.3016949152542373
13 0.187683284457478 0.45028248587570624 0.15542521994134897 0.2135593220338983
7 0.2287390029325513 0.8067796610169492 0.24633431085043989 0.14463276836158193
13 0.2844574780058651 0.25254237288135595 0.18181818181818182 0.20677966101694914
10 0.12756598240469208 0.8124293785310734 0.05571847507331378 0.09491525423728814
11 0.25146627565982405 0.19717514124293786 0.14809384164222875 0.10056497175141244
13 0.26759530791788855 0.2497175141242938 0.218475073313783 0.192090395480226
13 0.20674486803519063 0.43559322033898307 0.1348973607038123 0.3016949152542373
11 0.12756598240469208 0.8124293785310734 0.05571847507331378 0.09491525423728814
2 0.20821114369501467 0.43559322033898307 0.12316715542521994 0.25649717514124293
13 0.28225806451612906 0.27570621468926554 0.20967741935483872 0.19661016949152543
10 0.13269794721407624 0.8141242937853107 0.13049853372434017 0.17966101694915254
