0 0.567966903073286 0.3740234375 0.10520094562647754 0.09765625
13 0.31560283687943264 0.5986328125 0.15602836879432624 0.091796875
3 0.5851063829787234 0.6455078125 0.425531914893617 0.126953125
3 0.6069739952718676 0.61572265625 0.41725768321513 0.0927734375
2 0.5969267139479906 0.3583984375 0.02127659574468085 0.02734375
0 0.5614657210401891 0.380859375 0.14420803782505912 0.111328125
3 0.6004728132387707 0.6220703125 0.4444444444444444 0.10546875
0 0.5585106382978723 0.3896484375 0.14775413711583923 0.12890625
11 0.5862884160756501 0.22265625 0.03309692671394799 0.01171875
13 0.28132387706855794 0.62646484375 0.1016548463356974 0.0595703125
