3 0.6139322916666666 0.6338541666666667 0.4544270833333333 0.16354166666666667
13 0.3470052083333333 0.35572916666666665 0.16536458333333334 0.215625
13 0.265625 0.5026041666666666 0.22135416666666666 0.065625
7 0.2955729166666667 0.5645833333333333 0.20052083333333334 0.10416666666666667
11 0.90625 0.7338541666666667 0.0859375 0.08020833333333334
10 0.9342447916666666 0.7359375 0.05078125 0.071875
4 0.2877604166666667 0.5359375 0.3307291666666667 0.121875
4 0.298828125 0.525 0.24348958333333334 0.11458333333333333
10 0.90625 0.7338541666666667 0.0859375 0.08020833333333334
10 0.2643229166666667 0.6489583333333333 0.2994791666666667 0.14791666666666667
11 0.9342447916666666 0.7359375 0.05078125 0.071875
13 0.3509114583333333 0.2791666666666667 0.16276041666666666 0.15416666666666667
10 0.2701822916666667 0.6234375 0.3216145833333333 0.159375
7 0.2877604166666667 0.5359375 0.3307291666666667 0.121875
0 0.5983072916666666 0.36875 0.13411458333333334 0.12708333333333333
11 0.751953125 0.21822916666666667 0.11848958333333333 0.071875
7 0.3645833333333333 0.3390625 0.18489583333333334 0.278125
0 0.5983072916666666 0.3734375 0.16015625 0.15104166666666666
13 0.265625 0.49583333333333335 0.15625 0.04791666666666667
0 0.6022135416666666 0.371875 0.13151041666666666 0.13958333333333334
13 0.298828125 0.525 0.24348958333333334 0.11458333333333333
4 0.3645833333333333 0.3390625 0.18489583333333334 0.278125
4 0.3509114583333333 0.2791666666666667 0.16276041666666666 0.15416666666666667
