13 0.7825520833333334 0.659375 0.08072916666666667 0.025
0 0.5540364583333334 0.3932291666666667 0.13411458333333334 0.109375
3 0.5416666666666666 0.6848958333333334 0.5260416666666666 0.11354166666666667
13 0.791015625 0.6546875 0.08984375 0.028125
3 0.5436197916666666 0.6666666666666666 0.5377604166666666 0.12083333333333333
13 0.794921875 0.6619791666666667 0.09505208333333333 0.019791666666666666
13 0.2838541666666667 0.6328125 0.078125 0.07395833333333333
0 0.5572916666666666 0.4036458333333333 0.1328125 0.13020833333333334
13 0.8665364583333334 0.7145833333333333 0.045572916666666664 0.020833333333333332
0 0.5735677083333334 0.3854166666666667 0.08984375 0.0875
13 0.8515625 0.7145833333333333 0.06510416666666667 0.022916666666666665
3 0.5201822916666666 0.6651041666666667 0.4908854166666667 0.115625
