11 0.6224340175953079 0.19867947178871548 0.030791788856304986 0.02040816326530612
3 0.6085043988269795 0.6296518607442977 0.4281524926686217 0.12605042016806722
8 0.2697947214076246 0.27490996398559425 0.011730205278592375 0.01920768307322929
0 0.5909090909090909 0.3277310924369748 0.1348973607038123 0.1056422569027611
0 0.5960410557184751 0.33913565426170467 0.14516129032258066 0.12845138055222088
9 0.30718475073313783 0.28991596638655465 0.007331378299120235 0.006002400960384154
9 0.30718475073313783 0.2893157262905162 0.007331378299120235 0.007202881152460984
8 0.27052785923753664 0.26770708283313327 0.01906158357771261 0.031212484993997598
13 0.7478005865102639 0.2503001200480192 0.05571847507331378 0.03241296518607443
8 0.2719941348973607 0.25630252100840334 0.016129032258064516 0.010804321728691477
13 0.2697947214076246 0.27490996398559425 0.011730205278592375 0.01920768307322929
2 0.26832844574780057 0.26830732292917164 0.017595307917888565 0.03721488595438175
3 0.6187683284457478 0.6224489795918368 0.45161290322580644 0.15966386554621848
13 0.2719941348973607 0.25630252100840334 0.016129032258064516 0.010804321728691477
0 0.6055718475073314 0.3289315726290516 0.12023460410557185 0.09123649459783914
