13 0.7317708333333334 0.5614583333333333 0.06510416666666667 0.23958333333333334
9 0.7200520833333334 0.5203125 0.06770833333333333 0.19479166666666667
13 0.2552083333333333 0.5255208333333333 0.18229166666666666 0.053125
9 0.7376302083333334 0.6421875 0.07942708333333333 0.08645833333333333
11 0.8274739583333334 0.7072916666666667 0.040364583333333336 0.06458333333333334
13 0.23828125 0.521875 0.17708333333333334 0.035416666666666666
11 0.7467447916666666 0.659375 0.022135416666666668 0.03333333333333333
13 0.240234375 0.515625 0.14192708333333334 0.03958333333333333
10 0.12890625 0.6942708333333333 0.0625 0.051041666666666666
11 0.126953125 0.6895833333333333 0.05078125 0.05625
10 0.8274739583333334 0.7072916666666667 0.040364583333333336 0.06458333333333334
10 0.13216145833333334 0.6838541666666667 0.048177083333333336 0.08645833333333333
11 0.12890625 0.6942708333333333 0.0625 0.051041666666666666
10 0.126953125 0.6895833333333333 0.05078125 0.05625
3 0.556640625 0.6421875 0.39453125 0.09895833333333333
0 0.5182291666666666 0.4395833333333333 0.12239583333333333 0.10833333333333334
3 0.5494791666666666 0.640625 0.3723958333333333 0.11458333333333333
9 0.7493489583333334 0.41302083333333334 0.2565104166666667 0.540625
11 0.13216145833333334 0.6838541666666667 0.048177083333333336 0.08645833333333333
