10 0.07577903682719547 0.7986778846153846 0.04107648725212465 0.054086538461538464
13 0.740084985835694 0.3137019230769231 0.21104815864022664 0.1971153846153846
7 0.2818696883852691 0.4891826923076923 0.1529745042492918 0.22596153846153846
11 0.7577903682719547 0.17307692307692307 0.08781869688385269 0.055288461538461536
4 0.26345609065155806 0.3870192307692308 0.2776203966005666 0.42788461538461536
7 0.3236543909348442 0.25540865384615385 0.12606232294617564 0.1502403846153846
0 0.5835694050991501 0.3425480769230769 0.141643059490085 0.15865384615384615
4 0.254957507082153 0.30528846153846156 0.26912181303116145 0.2403846153846154
4 0.3236543909348442 0.25540865384615385 0.12606232294617564 0.1502403846153846
7 0.27124645892351273 0.4969951923076923 0.17705382436260622 0.22716346153846154
11 0.07577903682719547 0.7986778846153846 0.04107648725212465 0.054086538461538464
8 0.3236543909348442 0.25540865384615385 0.12606232294617564 0.1502403846153846
7 0.254957507082153 0.30528846153846156 0.26912181303116145 0.2403846153846154
7 0.21529745042492918 0.3515625 0.1671388101983003 0.18870192307692307
7 0.26345609065155806 0.3870192307692308 0.2776203966005666 0.42788461538461536
9 0.7280453257790368 0.29747596153846156 0.1643059490084986 0.12139423076923077
4 0.21529745042492918 0.3515625 0.1671388101983003 0.18870192307692307
6 0.27124645892351273 0.4969951923076923 0.17705382436260622 0.22716346153846154
13 0.7280453257790368 0.29747596153846156 0.1643059490084986 0.12139423076923077
