13 0.328125 0.21826171875 0.05859375 0.1416015625
5 0.671875 0.572265625 0.171875 0.39453125
13 0.6318359375 0.20166015625 0.041015625 0.1298828125
13 0.3193359375 0.54638671875 0.076171875 0.1611328125
13 0.6201171875 0.208984375 0.05859375 0.16015625
11 0.1630859375 0.79296875 0.0546875 0.078125
11 0.18994140625 0.80078125 0.0986328125 0.06640625
10 0.1630859375 0.79296875 0.0546875 0.078125
9 0.30810546875 0.26123046875 0.2509765625 0.3134765625
11 0.36474609375 0.13427734375 0.1357421875 0.0380859375
9 0.24072265625 0.63916015625 0.2138671875 0.2861328125
9 0.45263671875 0.51513671875 0.1220703125 0.3544921875
11 0.625 0.13134765625 0.076171875 0.0263671875
12 0.30810546875 0.26123046875 0.2509765625 0.3134765625
13 0.30126953125 0.35888671875 0.1708984375 0.1337890625
13 0.33349609375 0.22802734375 0.0615234375 0.1455078125
13 0.32080078125 0.35986328125 0.2080078125 0.1357421875
12 0.24072265625 0.63916015625 0.2138671875 0.2861328125
10 0.18994140625 0.80078125 0.0986328125 0.06640625
