6 0.2730496453900709 0.611328125 0.21040189125295508 0.05859375
7 0.23404255319148937 0.61474609375 0.14893617021276595 0.0595703125
11 0.3528368794326241 0.16162109375 0.1288416075650118 0.0283203125
6 0.8303782505910166 0.64404296875 0.1359338061465721 0.0849609375
11 0.6554373522458629 0.1484375 0.09810874704491726 0.021484375
3 0.5667848699763594 0.62890625 0.450354609929078 0.125
0 0.5667848699763594 0.34228515625 0.11938534278959811 0.1064453125
3 0.5868794326241135 0.62646484375 0.44799054373522457 0.1416015625
11 0.6637115839243499 0.1435546875 0.09574468085106383 0.03125
9 0.15011820330969267 0.67333984375 0.08983451536643026 0.0615234375
11 0.40721040189125296 0.1484375 0.0768321513002364 0.025390625
7 0.8386524822695035 0.6650390625 0.10756501182033097 0.08984375
