13 0.8269689737470167 0.5227021040974529 0.08591885441527446 0.028792912513842746
11 0.6020286396181385 0.19435215946843853 0.09427207637231504 0.05204872646733112
3 0.5960620525059666 0.6284606866002215 0.5214797136038186 0.1937984496124031
0 0.5548926014319809 0.301218161683278 0.12649164677804295 0.10852713178294573
0 0.5566825775656324 0.3067552602436323 0.12291169451073986 0.11295681063122924
3 0.5865155131264916 0.6351052048726468 0.5262529832935561 0.1982281284606866
0 0.5614558472553699 0.3211517165005537 0.11813842482100238 0.1461794019933555
13 0.8281622911694511 0.5232558139534884 0.10501193317422435 0.02547065337763012
13 0.8239856801909308 0.5232558139534884 0.09188544152744631 0.02547065337763012
3 0.5978520286396182 0.6472868217054264 0.5298329355608592 0.20930232558139536
