11 0.6311764705882353 0.12848605577689243 0.14470588235294118 0.055776892430278883
5 0.19117647058823528 0.5303784860557769 0.2011764705882353 0.299800796812749
3 0.5988235294117648 0.5941235059760956 0.52 0.1603585657370518
5 0.17176470588235293 0.5537848605577689 0.13176470588235295 0.29282868525896416
3 0.5870588235294117 0.600597609561753 0.47294117647058825 0.16533864541832669
0 0.571764705882353 0.32619521912350596 0.17411764705882352 0.14840637450199204
0 0.5952941176470589 0.32719123505976094 0.15058823529411763 0.15836653386454183
11 0.6252941176470588 0.13296812749003983 0.11176470588235295 0.05079681274900399
3 0.5882352941176471 0.5776892430278885 0.46352941176470586 0.18127490039840638
0 0.5858823529411765 0.32270916334661354 0.17647058823529413 0.1693227091633466
