9 0.8130580357142857 0.7502507522567703 0.056919642857142856 0.048144433299899696
10 0.14955357142857142 0.928284854563691 0.04241071428571429 0.055165496489468405
9 0.6863839285714286 0.14393179538615847 0.046875 0.09929789368104312
13 0.7354910714285714 0.23971915747241726 0.15401785714285715 0.11033099297893681
8 0.8130580357142857 0.7502507522567703 0.056919642857142856 0.048144433299899696
11 0.27120535714285715 0.2086258776328987 0.13169642857142858 0.10230692076228685
8 0.8169642857142857 0.7497492477432297 0.06919642857142858 0.05115346038114343
5 0.28348214285714285 0.5386158475426279 0.29017857142857145 0.6659979939819458
11 0.14955357142857142 0.928284854563691 0.04241071428571429 0.055165496489468405
13 0.29296875 0.2632898696088265 0.20647321428571427 0.20561685055165496
9 0.7354910714285714 0.23971915747241726 0.15401785714285715 0.11033099297893681
7 0.8236607142857143 0.7522567703109327 0.08482142857142858 0.05215646940822467
5 0.7667410714285714 0.6629889669007021 0.22098214285714285 0.3691073219658977
