8 0.5857300884955752 0.43819530284301605 0.23783185840707965 0.24351050679851668
7 0.5857300884955752 0.43819530284301605 0.23783185840707965 0.24351050679851668
10 0.2013274336283186 0.830655129789864 0.3185840707964602 0.06180469715698393
10 0.745575221238938 0.7688504326328801 0.29646017699115046 0.10630407911001236
7 0.1720132743362832 0.7972805933250927 0.1338495575221239 0.05686032138442522
10 0.7710176991150443 0.776885043263288 0.2323008849557522 0.1273176761433869
4 0.6067477876106194 0.42830655129789863 0.1913716814159292 0.273176761433869
7 0.7389380530973452 0.4777503090234858 0.1836283185840708 0.2830655129789864
10 0.8147123893805309 0.7688504326328801 0.13163716814159293 0.14833127317676142
7 0.17754424778761063 0.7830655129789864 0.22013274336283187 0.10012360939431397
8 0.6067477876106194 0.42830655129789863 0.1913716814159292 0.273176761433869
