6 0.2701822916666667 0.4390625 0.12890625 0.06145833333333333
13 0.2584635416666667 0.4505208333333333 0.26171875 0.190625
13 0.23697916666666666 0.46510416666666665 0.2604166666666667 0.24895833333333334
3 0.5494791666666666 0.7390625 0.421875 0.115625
13 0.22200520833333334 0.45416666666666666 0.18619791666666666 0.23333333333333334
13 0.6770833333333334 0.42864583333333334 0.1328125 0.13020833333333334
0 0.5423177083333334 0.4427083333333333 0.10286458333333333 0.12708333333333333
6 0.2584635416666667 0.4505208333333333 0.26171875 0.190625
13 0.6953125 0.44895833333333335 0.10677083333333333 0.09166666666666666
7 0.2701822916666667 0.4390625 0.12890625 0.06145833333333333
