10 0.21354166666666666 0.8536458333333333 0.2630208333333333 0.06145833333333333
11 0.08268229166666667 0.834375 0.06901041666666667 0.07291666666666667
13 0.7057291666666666 0.23229166666666667 0.07552083333333333 0.06041666666666667
13 0.3463541666666667 0.18697916666666667 0.14583333333333334 0.16354166666666667
7 0.263671875 0.5875 0.17838541666666666 0.3333333333333333
10 0.7317708333333334 0.6192708333333333 0.25 0.3885416666666667
13 0.35546875 0.1921875 0.13020833333333334 0.18854166666666666
12 0.2532552083333333 0.4625 0.4127604166666667 0.7708333333333334
1 0.35546875 0.1921875 0.13020833333333334 0.18854166666666666
13 0.3463541666666667 0.19479166666666667 0.15364583333333334 0.17083333333333334
10 0.6953125 0.6166666666666667 0.22135416666666666 0.4166666666666667
13 0.7018229166666666 0.2838541666666667 0.17447916666666666 0.2677083333333333
10 0.08268229166666667 0.834375 0.06901041666666667 0.07291666666666667
8 0.6861979166666666 0.5302083333333333 0.21614583333333334 0.21041666666666667
12 0.16731770833333334 0.65 0.2799479166666667 0.33958333333333335
12 0.20963541666666666 0.4630208333333333 0.2708333333333333 0.7177083333333333
7 0.7018229166666666 0.2838541666666667 0.17447916666666666 0.2677083333333333
0 0.5852864583333334 0.3255208333333333 0.11848958333333333 0.08020833333333334
7 0.7220052083333334 0.30104166666666665 0.21223958333333334 0.27708333333333335
13 0.208984375 0.6078125 0.09244791666666667 0.2989583333333333
10 0.736328125 0.6848958333333334 0.14973958333333334 0.21145833333333333
