6 0.7287234042553191 0.212890625 0.19267139479905437 0.107421875
11 0.6483451536643026 0.15673828125 0.12411347517730496 0.0576171875
13 0.7375886524822695 0.22216796875 0.13002364066193853 0.0751953125
8 0.8481087470449172 0.33203125 0.02955082742316785 0.0234375
13 0.7393617021276596 0.28076171875 0.18085106382978725 0.1865234375
10 0.8274231678486997 0.70947265625 0.1111111111111111 0.1767578125
7 0.7890070921985816 0.587890625 0.10283687943262411 0.12109375
11 0.8557919621749409 0.69580078125 0.05200945626477541 0.1220703125
8 0.8463356973995272 0.3349609375 0.030732860520094562 0.029296875
10 0.8238770685579196 0.71240234375 0.1111111111111111 0.1181640625
13 0.7287234042553191 0.212890625 0.19267139479905437 0.107421875
7 0.7984633569739953 0.60888671875 0.09810874704491726 0.1025390625
13 0.7458628841607565 0.4931640625 0.11583924349881797 0.126953125
8 0.8433806146572104 0.3349609375 0.027186761229314422 0.025390625
8 0.7269503546099291 0.2421875 0.03546099290780142 0.025390625
10 0.8557919621749409 0.69580078125 0.05200945626477541 0.1220703125
8 0.18853427895981087 0.66455078125 0.02955082742316785 0.0341796875
