0 0.567938021454112 0.44981640146878826 0.12753277711561384 0.1481028151774786
11 0.6740166865315852 0.2594859241126071 0.1299165673420739 0.02937576499388005
3 0.6245530393325387 0.758873929008568 0.44576877234803336 0.19828641370869032
11 0.36174016686531585 0.25703794369645044 0.15137067938021453 0.02692778457772338
0 0.5744934445768772 0.44369645042839656 0.10965435041716329 0.12362301101591187
13 0.2532777115613826 0.4694002447980416 0.07985697258641239 0.06731946144430845
13 0.30572109654350416 0.5152998776009792 0.17759237187127533 0.1689106487148103
11 0.900476758045292 0.7668298653610771 0.05125148986889154 0.08445532435740515
10 0.900476758045292 0.7668298653610771 0.05125148986889154 0.08445532435740515
3 0.6406436233611442 0.7478580171358629 0.4827175208581645 0.17380660954712362
0 0.5715137067938022 0.4485924112607099 0.1299165673420739 0.13341493268053856
3 0.6436233611442194 0.7533659730722154 0.47437425506555425 0.18237454100367198
