0 0.4778645833333333 0.45729166666666665 0.125 0.1
3 0.5045572916666666 0.66875 0.41796875 0.13541666666666666
2 0.7063802083333334 0.4244791666666667 0.19401041666666666 0.121875
3 0.5032552083333334 0.6786458333333333 0.4309895833333333 0.14479166666666668
13 0.7063802083333334 0.4244791666666667 0.19401041666666666 0.121875
1 0.6640625 0.37604166666666666 0.15364583333333334 0.10833333333333334
0 0.4641927083333333 0.4635416666666667 0.10546875 0.1125
0 0.470703125 0.45989583333333334 0.11588541666666667 0.10520833333333333
6 0.7063802083333334 0.4244791666666667 0.19401041666666666 0.121875
3 0.5071614583333334 0.6822916666666666 0.4283854166666667 0.13333333333333333
1 0.7141927083333334 0.39427083333333335 0.21223958333333334 0.15104166666666666
9 0.66015625 0.5067708333333333 0.08854166666666667 0.109375
13 0.2916666666666667 0.4625 0.052083333333333336 0.05
