0 0.5149739583333334 0.36822916666666666 0.13151041666666666 0.08020833333333334
8 0.359375 0.24895833333333334 0.09375 0.11666666666666667
3 0.5345052083333334 0.6364583333333333 0.44921875 0.13125
3 0.53515625 0.6572916666666667 0.453125 0.15625
8 0.369140625 0.25052083333333336 0.09505208333333333 0.12395833333333334
7 0.361328125 0.22916666666666666 0.10807291666666667 0.1625
3 0.5364583333333334 0.6479166666666667 0.4479166666666667 0.13541666666666666
9 0.25 0.259375 0.036458333333333336 0.035416666666666666
7 0.359375 0.24895833333333334 0.09375 0.11666666666666667
9 0.369140625 0.25052083333333336 0.09505208333333333 0.12395833333333334
