11 0.29296875 0.11666666666666667 0.15364583333333334 0.025
13 0.2942708333333333 0.22604166666666667 0.0546875 0.06875
0 0.5032552083333334 0.2557291666666667 0.11588541666666667 0.08854166666666667
3 0.5559895833333334 0.5255208333333333 0.4296875 0.10729166666666666
11 0.6067708333333334 0.1171875 0.1796875 0.030208333333333334
3 0.5598958333333334 0.5260416666666666 0.4322916666666667 0.12291666666666666
13 0.3001302083333333 0.2359375 0.053385416666666664 0.06979166666666667
0 0.5143229166666666 0.24427083333333333 0.09114583333333333 0.071875
0 0.5143229166666666 0.2625 0.08854166666666667 0.11041666666666666
3 0.5670572916666666 0.5005208333333333 0.4205729166666667 0.13020833333333334
