0 0.5542590431738623 0.3137550200803213 0.11201866977829639 0.14558232931726908
7 0.6522753792298717 0.39457831325301207 0.147024504084014 0.17670682730923695
11 0.323220536756126 0.1430722891566265 0.18903150525087514 0.07329317269076305
11 0.6341890315052509 0.1566265060240964 0.11785297549591599 0.02610441767068273
8 0.6522753792298717 0.39457831325301207 0.147024504084014 0.17670682730923695
11 0.30280046674445743 0.15461847389558234 0.20186697782963828 0.08835341365461848
4 0.6546091015169195 0.3870481927710843 0.12835472578763127 0.1536144578313253
11 0.31680280046674447 0.1460843373493976 0.14352392065344224 0.023092369477911646
0 0.5618436406067678 0.29668674698795183 0.10618436406067679 0.09738955823293173
7 0.6446907817969662 0.38604417670682734 0.14585764294049008 0.15963855421686746
0 0.5571761960326721 0.3002008032128514 0.1295215869311552 0.12248995983935743
11 0.6499416569428238 0.15612449799196787 0.13302217036172695 0.04317269076305221
