8 0.24966622162883845 0.41469489414694893 0.19759679572763686 0.46824408468244083
5 0.7389853137516689 0.4122042341220423 0.2977303070761015 0.5653798256537983
2 0.11748998664886515 0.7216687422166874 0.03204272363150868 0.026151930261519303
8 0.22830440587449932 0.2602739726027397 0.0801068090787717 0.057285180572851806
8 0.7283044058744993 0.35990037359900373 0.21495327102803738 0.398505603985056
5 0.2162883845126836 0.4290161892901619 0.27236315086782376 0.47198007471980075
5 0.23431241655540722 0.43212951432129515 0.28437917222963954 0.6774595267745953
5 0.7283044058744993 0.35990037359900373 0.21495327102803738 0.398505603985056
2 0.5367156208277704 0.26774595267745954 0.0774365821094793 0.05977584059775841
5 0.24966622162883845 0.41469489414694893 0.19759679572763686 0.46824408468244083
5 0.712283044058745 0.4246575342465753 0.3591455273698264 0.6550435865504358
