9 0.6946614583333334 0.27291666666666664 0.23046875 0.20208333333333334
11 0.845703125 0.6760416666666667 0.048177083333333336 0.06041666666666667
9 0.7298177083333334 0.34479166666666666 0.23307291666666666 0.08125
11 0.3235677083333333 0.16302083333333334 0.16015625 0.036458333333333336
7 0.7298177083333334 0.34479166666666666 0.23307291666666666 0.08125
11 0.3294270833333333 0.15364583333333334 0.12239583333333333 0.028125
11 0.7180989583333334 0.19583333333333333 0.15494791666666666 0.10208333333333333
10 0.84765625 0.6791666666666667 0.052083333333333336 0.06875
11 0.84765625 0.6791666666666667 0.052083333333333336 0.06875
4 0.7298177083333334 0.34479166666666666 0.23307291666666666 0.08125
11 0.8424479166666666 0.6703125 0.0625 0.06145833333333333
10 0.8424479166666666 0.6703125 0.0625 0.06145833333333333
7 0.7194010416666666 0.3229166666666667 0.21484375 0.058333333333333334
9 0.7194010416666666 0.3229166666666667 0.21484375 0.058333333333333334
10 0.845703125 0.6760416666666667 0.048177083333333336 0.06041666666666667
