10 0.06956521739130435 0.7442143727161997 0.08405797101449275 0.15347137637028013
10 0.09202898550724638 0.7649208282582217 0.08550724637681159 0.07551766138855055
13 0.29492753623188406 0.41352009744214374 0.09710144927536232 0.023142509135200974
11 0.16666666666666666 0.5322777101096224 0.19420289855072465 0.20706455542021923
11 0.06956521739130435 0.7442143727161997 0.08405797101449275 0.15347137637028013
7 0.16666666666666666 0.5322777101096224 0.19420289855072465 0.20706455542021923
7 0.1963768115942029 0.3392204628501827 0.15217391304347827 0.14494518879415347
11 0.0891304347826087 0.7551766138855055 0.07971014492753623 0.0730816077953715
0 0.5710144927536231 0.30146163215590743 0.1246376811594203 0.08647990255785627
4 0.1963768115942029 0.37576126674786847 0.13768115942028986 0.15712545676004872
11 0.26304347826086955 0.3081607795371498 0.2768115942028985 0.2387332521315469
11 0.09202898550724638 0.7649208282582217 0.08550724637681159 0.07551766138855055
2 0.26304347826086955 0.3081607795371498 0.2768115942028985 0.2387332521315469
10 0.0891304347826087 0.7551766138855055 0.07971014492753623 0.0730816077953715
0 0.5666666666666667 0.30633373934226554 0.13333333333333333 0.09866017052375152
