6 0.7322987390882638 0.3814949863263446 0.12609117361784675 0.15223336371923427
13 0.6968962172647915 0.31905195989061075 0.16391852570320078 0.18778486782133091
4 0.6382153249272551 0.2187784867821331 0.19786614936954414 0.1640838650865998
6 0.7225994180407371 0.3263445761166819 0.11251212415130941 0.17137648131267091
11 0.11978661493695442 0.8149498632634458 0.04364694471387003 0.056517775752051046
6 0.3273520853540252 0.20783956244302643 0.09020368574199807 0.08568824065633546
13 0.3254122211445199 0.21103008204193255 0.14645974781765275 0.10665451230628988
10 0.11978661493695442 0.8149498632634458 0.04364694471387003 0.056517775752051046
11 0.12366634335596509 0.8354603463992707 0.041707080504364696 0.04284412032816773
1 0.6382153249272551 0.2187784867821331 0.19786614936954414 0.1640838650865998
13 0.3069835111542192 0.20510483135824978 0.14451988360814744 0.07110300820419325
6 0.6968962172647915 0.31905195989061075 0.16391852570320078 0.18778486782133091
11 0.6290009699321047 0.190975387420237 0.17943743937924345 0.11212397447584321
6 0.3254122211445199 0.21103008204193255 0.14645974781765275 0.10665451230628988
7 0.7225994180407371 0.3263445761166819 0.11251212415130941 0.17137648131267091
6 0.3069835111542192 0.20510483135824978 0.14451988360814744 0.07110300820419325
11 0.12027158098933075 0.8309024612579763 0.0504364694471387 0.06289881494986327
