13 0.7434988179669031 0.16162109375 0.04018912529550828 0.0537109375
2 0.7434988179669031 0.16162109375 0.04018912529550828 0.0537109375
0 0.6122931442080378 0.2373046875 0.13002364066193853 0.09765625
0 0.6128841607565012 0.232421875 0.1288416075650118 0.09765625
13 0.7505910165484634 0.1591796875 0.04728132387706856 0.064453125
9 0.74822695035461 0.16064453125 0.0425531914893617 0.0615234375
8 0.74822695035461 0.16064453125 0.0425531914893617 0.0615234375
3 0.609338061465721 0.47802734375 0.42671394799054374 0.1240234375
0 0.6134751773049646 0.24267578125 0.12056737588652482 0.1103515625
3 0.6187943262411347 0.50146484375 0.4385342789598109 0.1142578125
3 0.6057919621749409 0.49462890625 0.41962174940898345 0.0810546875
