8 0.3125695216907675 0.6302142051860203 0.03114571746384872 0.04735062006764374
8 0.7119021134593994 0.4182638105975197 0.04671857619577308 0.058624577226606536
8 0.7436040044493882 0.5270574971815107 0.041156840934371525 0.03720405862457723
11 0.6596218020022246 0.13134160090191657 0.08453837597330367 0.046223224351747465
8 0.26585094549499444 0.4368658399098083 0.29810901001112344 0.5670800450958287
8 0.8153503893214683 0.3906426155580609 0.042269187986651836 0.05298759864712514
8 0.7068965517241379 0.4177001127395716 0.05672969966629588 0.05073280721533258
8 0.7513904338153504 0.45208568207440814 0.19243604004449388 0.5479143179255919
0 0.6045606229143493 0.3218714768883878 0.09232480533926585 0.12288613303269448
8 0.7886540600667408 0.6296505073280722 0.04671857619577308 0.0665163472378805
8 0.7486095661846496 0.4763246899661781 0.16017797552836485 0.4836527621195039
3 0.5522803114571746 0.6392333709131905 0.37263626251390436 0.1488162344983089
7 0.27085650723025584 0.46674182638105977 0.19911012235817574 0.41939120631341603
8 0.3236929922135706 0.4458850056369786 0.03337041156840934 0.03720405862457723
7 0.7486095661846496 0.4763246899661781 0.16017797552836485 0.4836527621195039
8 0.1796440489432703 0.6200676437429538 0.04560622914349277 0.0496054114994363
8 0.25695216907675195 0.5112739571589628 0.04004449388209121 0.046223224351747465
0 0.603448275862069 0.31397970687711385 0.0967741935483871 0.1319052987598647
8 0.27085650723025584 0.46674182638105977 0.19911012235817574 0.41939120631341603
8 0.3442714126807564 0.36809470124013527 0.05005561735261402 0.05975197294250282
