10 0.857565011820331 0.59423828125 0.08156028368794327 0.1396484375
2 0.8516548463356974 0.59619140625 0.05555555555555555 0.0791015625
11 0.857565011820331 0.59423828125 0.08156028368794327 0.1396484375
0 0.5809692671394799 0.25341796875 0.12174940898345153 0.0869140625
10 0.8823877068557919 0.58837890625 0.0768321513002364 0.1689453125
11 0.8333333333333334 0.57421875 0.13238770685579196 0.12890625
11 0.8823877068557919 0.58837890625 0.0768321513002364 0.1689453125
11 0.6595744680851063 0.12451171875 0.13711583924349882 0.0224609375
9 0.859338061465721 0.6005859375 0.04491725768321513 0.07421875
2 0.859338061465721 0.6005859375 0.04491725768321513 0.07421875
