3 0.5247395833333334 0.47708333333333336 0.453125 0.12916666666666668
3 0.5436197916666666 0.4401041666666667 0.4830729166666667 0.15729166666666666
11 0.791015625 0.49895833333333334 0.08984375 0.09166666666666666
11 0.06640625 0.5161458333333333 0.07552083333333333 0.065625
3 0.4993489583333333 0.5104166666666666 0.4518229166666667 0.14375
10 0.791015625 0.49895833333333334 0.08984375 0.09166666666666666
10 0.06640625 0.5161458333333333 0.07552083333333333 0.065625
0 0.5442708333333334 0.2526041666666667 0.109375 0.07604166666666666
0 0.5455729166666666 0.26145833333333335 0.09375 0.11041666666666666
0 0.5305989583333334 0.2635416666666667 0.11588541666666667 0.09791666666666667
11 0.072265625 0.5317708333333333 0.045572916666666664 0.065625
