7 0.7678812415654521 0.505859375 0.15654520917678813 0.287109375
0 0.5512820512820513 0.36376953125 0.1524966261808367 0.1142578125
11 0.3157894736842105 0.1552734375 0.11605937921727395 0.0234375
0 0.5479082321187584 0.38134765625 0.15384615384615385 0.1455078125
9 0.18960863697705804 0.60498046875 0.14439946018893388 0.1279296875
7 0.14777327935222673 0.4365234375 0.07422402159244265 0.111328125
13 0.21390013495276652 0.53564453125 0.13630229419703105 0.1416015625
11 0.31713900134952766 0.1513671875 0.09986504723346828 0.0234375
7 0.1612685560053981 0.43701171875 0.10121457489878542 0.0908203125
7 0.19298245614035087 0.59228515625 0.15654520917678813 0.1650390625
7 0.7739541160593792 0.52392578125 0.12550607287449392 0.2978515625
0 0.48582995951417 0.423828125 0.2834008097165992 0.2421875
9 0.1612685560053981 0.43701171875 0.10121457489878542 0.0908203125
13 0.2058029689608637 0.52685546875 0.12550607287449392 0.1357421875
11 0.22402159244264508 0.76123046875 0.20512820512820512 0.0537109375
7 0.38191632928475033 0.30224609375 0.08636977058029689 0.1845703125
11 0.22064777327935223 0.529296875 0.2631578947368421 0.306640625
11 0.7651821862348178 0.5185546875 0.15654520917678813 0.298828125
2 0.22402159244264508 0.76123046875 0.20512820512820512 0.0537109375
7 0.18960863697705804 0.60498046875 0.14439946018893388 0.1279296875
