10 0.9329643296432965 0.5699823943661971 0.05781057810578106 0.03609154929577465
7 0.8542435424354243 0.5268485915492958 0.11685116851168512 0.10123239436619719
8 0.6900369003690037 0.33098591549295775 0.13530135301353013 0.10387323943661972
4 0.6937269372693727 0.32922535211267606 0.12300123001230012 0.10211267605633803
10 0.9446494464944649 0.5620598591549296 0.046740467404674045 0.08890845070422536
8 0.6937269372693727 0.32922535211267606 0.12300123001230012 0.10211267605633803
11 0.9329643296432965 0.5699823943661971 0.05781057810578106 0.03609154929577465
7 0.4194341943419434 0.3221830985915493 0.06888068880688807 0.09683098591549295
7 0.8075030750307504 0.33098591549295775 0.07749077490774908 0.07922535211267606
9 0.8616236162361623 0.5286091549295775 0.0971709717097171 0.06426056338028169
7 0.6900369003690037 0.33098591549295775 0.13530135301353013 0.10387323943661972
4 0.8542435424354243 0.5268485915492958 0.11685116851168512 0.10123239436619719
11 0.9446494464944649 0.5620598591549296 0.046740467404674045 0.08890845070422536
11 0.8493234932349324 0.5268485915492958 0.05289052890528905 0.03433098591549296
7 0.8093480934809348 0.3314260563380282 0.1008610086100861 0.07834507042253522
10 0.9440344403444034 0.5576584507042254 0.05043050430504305 0.05545774647887324
0 0.5947109471094711 0.28125 0.13899138991389914 0.10299295774647887
11 0.9440344403444034 0.5576584507042254 0.05043050430504305 0.05545774647887324
8 0.4194341943419434 0.3221830985915493 0.06888068880688807 0.09683098591549295
8 0.8148831488314883 0.3358274647887324 0.0971709717097171 0.06778169014084508
8 0.6924969249692496 0.33098591549295775 0.11808118081180811 0.10387323943661972
7 0.4237392373923739 0.3305457746478873 0.06027060270602706 0.1153169014084507
