10 0.17228739002932553 0.7304921968787516 0.045454545454545456 0.056422569027611044
7 0.9134897360703812 0.6428571428571429 0.08504398826979472 0.10204081632653061
10 0.9134897360703812 0.6428571428571429 0.08504398826979472 0.10204081632653061
0 0.6136363636363636 0.39915966386554624 0.09530791788856305 0.09723889555822329
3 0.6385630498533724 0.6134453781512605 0.42668621700879766 0.11524609843937575
11 0.9134897360703812 0.6428571428571429 0.08504398826979472 0.10204081632653061
3 0.6312316715542522 0.60984393757503 0.4501466275659824 0.10804321728691477
3 0.6407624633431085 0.6182472989195679 0.4398826979472141 0.10804321728691477
11 0.17228739002932553 0.7304921968787516 0.045454545454545456 0.056422569027611044
0 0.6165689149560117 0.3949579831932773 0.09824046920821114 0.09603841536614646
