11 0.2584635416666667 0.3484375 0.3138020833333333 0.31145833333333334
4 0.2623697916666667 0.453125 0.2877604166666667 0.29791666666666666
7 0.2962239583333333 0.221875 0.18880208333333334 0.07708333333333334
10 0.13411458333333334 0.5489583333333333 0.12239583333333333 0.16458333333333333
7 0.2623697916666667 0.453125 0.2877604166666667 0.29791666666666666
10 0.24609375 0.55 0.2838541666666667 0.18541666666666667
7 0.24934895833333334 0.5244791666666667 0.27734375 0.11770833333333333
10 0.21549479166666666 0.6166666666666667 0.2747395833333333 0.075
11 0.13411458333333334 0.5489583333333333 0.12239583333333333 0.16458333333333333
7 0.2571614583333333 0.5223958333333333 0.2825520833333333 0.14895833333333333
