13 0.7897135416666666 0.525 0.022135416666666668 0.03333333333333333
13 0.7955729166666666 0.5276041666666667 0.03125 0.028125
13 0.3203125 0.21666666666666667 0.11197916666666667 0.07291666666666667
8 0.736328125 0.29375 0.022135416666666668 0.027083333333333334
13 0.7734375 0.5901041666666667 0.08072916666666667 0.040625
13 0.7701822916666666 0.5578125 0.061197916666666664 0.09270833333333334
9 0.7897135416666666 0.525 0.022135416666666668 0.03333333333333333
8 0.3196614583333333 0.21302083333333333 0.13671875 0.09479166666666666
13 0.3196614583333333 0.21302083333333333 0.13671875 0.09479166666666666
11 0.6295572916666666 0.1796875 0.15234375 0.053125
2 0.3203125 0.21666666666666667 0.11197916666666667 0.07291666666666667
8 0.31640625 0.2421875 0.036458333333333336 0.019791666666666666
