11 0.86328125 0.653125 0.10416666666666667 0.10833333333333334
0 0.607421875 0.31302083333333336 0.10026041666666667 0.07395833333333333
11 0.14322916666666666 0.6197916666666666 0.08333333333333333 0.11666666666666667
11 0.3450520833333333 0.1859375 0.1484375 0.03854166666666667
11 0.3430989583333333 0.19322916666666667 0.13932291666666666 0.040625
10 0.8502604166666666 0.6536458333333334 0.08854166666666667 0.06770833333333333
11 0.8502604166666666 0.6536458333333334 0.08854166666666667 0.06770833333333333
10 0.86328125 0.653125 0.10416666666666667 0.10833333333333334
10 0.18815104166666666 0.6421875 0.15755208333333334 0.153125
0 0.6028645833333334 0.3411458333333333 0.1015625 0.13229166666666667
10 0.14322916666666666 0.6197916666666666 0.08333333333333333 0.11666666666666667
