11 0.62109375 0.05625 0.10677083333333333 0.029166666666666667
10 0.1484375 0.6635416666666667 0.0390625 0.10208333333333333
11 0.6393229166666666 0.04114583333333333 0.171875 0.04895833333333333
13 0.3782552083333333 0.08333333333333333 0.061197916666666664 0.05416666666666667
11 0.646484375 0.04739583333333333 0.14713541666666666 0.04895833333333333
11 0.3333333333333333 0.0421875 0.11979166666666667 0.03854166666666667
11 0.3346354166666667 0.04114583333333333 0.1640625 0.042708333333333334
11 0.3346354166666667 0.04479166666666667 0.15104166666666666 0.04791666666666667
11 0.16861979166666666 0.6697916666666667 0.055989583333333336 0.06875
11 0.158203125 0.6708333333333333 0.040364583333333336 0.05625
11 0.1484375 0.6635416666666667 0.0390625 0.10208333333333333
13 0.17447916666666666 0.63125 0.046875 0.08125
