9 0.6477864583333334 0.5317708333333333 0.3580729166666667 0.15729166666666666
10 0.791015625 0.4703125 0.05859375 0.06979166666666667
3 0.4674479166666667 0.496875 0.4296875 0.13541666666666666
0 0.490234375 0.28177083333333336 0.16015625 0.13020833333333334
0 0.5260416666666666 0.2828125 0.10416666666666667 0.11354166666666667
11 0.7467447916666666 0.465625 0.14713541666666666 0.07291666666666667
11 0.791015625 0.4703125 0.05859375 0.06979166666666667
9 0.6647135416666666 0.5375 0.35546875 0.19166666666666668
10 0.7467447916666666 0.465625 0.14713541666666666 0.07291666666666667
0 0.517578125 0.2671875 0.11588541666666667 0.09479166666666666
