2 0.8123409669211196 0.6270576131687243 0.1005089058524173 0.24588477366255143
9 0.4484732824427481 0.38065843621399176 0.13358778625954199 0.23251028806584362
11 0.8123409669211196 0.6270576131687243 0.1005089058524173 0.24588477366255143
0 0.5693384223918575 0.32253086419753085 0.12849872773536897 0.09567901234567901
7 0.7563613231552163 0.30349794238683125 0.09033078880407125 0.11522633744855967
0 0.5578880407124682 0.3492798353909465 0.14376590330788805 0.16769547325102882
2 0.8269720101781171 0.6291152263374485 0.10178117048346055 0.26440329218106995
11 0.8276081424936387 0.5920781893004116 0.06997455470737914 0.22325102880658437
13 0.7748091603053435 0.5149176954732511 0.06615776081424936 0.044238683127572016
0 0.5636132315521628 0.34516460905349794 0.1475826972010178 0.1368312757201646
9 0.4351145038167939 0.39454732510288065 0.15267175572519084 0.43106995884773663
9 0.7283715012722646 0.6610082304526749 0.25318066157760816 0.07098765432098765
3 0.544529262086514 0.6563786008230452 0.4122137404580153 0.1646090534979424
