11 0.33154296875 0.54638671875 0.0302734375 0.0732421875
5 0.427734375 0.31591796875 0.1875 0.4228515625
0 0.609375 0.2412109375 0.08203125 0.080078125
7 0.43505859375 0.5 0.1416015625 0.04296875
3 0.62353515625 0.48583984375 0.2724609375 0.1220703125
3 0.61865234375 0.50146484375 0.2646484375 0.1279296875
10 0.33154296875 0.54638671875 0.0302734375 0.0732421875
0 0.603515625 0.244140625 0.1015625 0.09375
4 0.42919921875 0.50390625 0.1259765625 0.041015625
5 0.41796875 0.31396484375 0.171875 0.3974609375
3 0.6240234375 0.49072265625 0.259765625 0.1123046875
0 0.6142578125 0.251953125 0.076171875 0.103515625
5 0.71240234375 0.294921875 0.1376953125 0.294921875
7 0.41748046875 0.50341796875 0.1083984375 0.0517578125
5 0.70703125 0.310546875 0.158203125 0.36328125
