4 0.3345388788426763 0.6199095022624435 0.16636528028933092 0.11990950226244344
10 0.2640144665461121 0.6510180995475113 0.14285714285714285 0.20927601809954752
6 0.31600361663652804 0.3076923076923077 0.08047016274864376 0.19004524886877827
0 0.5614828209764918 0.38857466063348417 0.09041591320072333 0.1074660633484163
3 0.5700723327305606 0.6889140271493213 0.36256781193490056 0.1832579185520362
10 0.22784810126582278 0.6883484162895928 0.10126582278481013 0.10067873303167421
11 0.29204339963833637 0.3404977375565611 0.17902350813743217 0.40497737556561086
11 0.22784810126582278 0.6883484162895928 0.10126582278481013 0.10067873303167421
3 0.5655515370705244 0.7081447963800905 0.3752260397830018 0.14705882352941177
13 0.3603074141048825 0.4440045248868778 0.11844484629294756 0.06900452488687783
10 0.2938517179023508 0.665158371040724 0.20614828209764918 0.3235294117647059
4 0.3399638336347197 0.6006787330316742 0.15732368896925858 0.14027149321266968
0 0.5587703435804702 0.3947963800904977 0.09041591320072333 0.11990950226244344
7 0.3345388788426763 0.6199095022624435 0.16636528028933092 0.11990950226244344
6 0.32368896925858953 0.5277149321266968 0.1301989150090416 0.20701357466063347
9 0.23824593128390598 0.5 0.09674502712477397 0.28054298642533937
