7 0.7389322916666666 0.4817708333333333 0.13932291666666666 0.134375
0 0.5071614583333334 0.29375 0.11848958333333333 0.09375
5 0.16145833333333334 0.4005208333333333 0.1328125 0.24479166666666666
3 0.50390625 0.5416666666666666 0.4348958333333333 0.07916666666666666
3 0.5052083333333334 0.515625 0.4270833333333333 0.12916666666666668
5 0.193359375 0.40989583333333335 0.19661458333333334 0.31145833333333334
13 0.16145833333333334 0.4005208333333333 0.1328125 0.24479166666666666
3 0.5045572916666666 0.5067708333333333 0.4231770833333333 0.140625
0 0.5201822916666666 0.309375 0.10286458333333333 0.125
0 0.50390625 0.29739583333333336 0.125 0.115625
