13 0.24094202898550723 0.33972468043264503 0.21859903381642512 0.24090462143559488
13 0.2457729468599034 0.3141592920353982 0.25 0.2055063913470993
11 0.3472222222222222 0.12192723697148476 0.10507246376811594 0.015732546705998034
13 0.3834541062801932 0.16125860373647985 0.1292270531400966 0.08259587020648967
7 0.8297101449275363 0.5329400196656834 0.1473429951690821 0.15339233038348082
11 0.2783816425120773 0.7114060963618486 0.025362318840579712 0.024582104228121928
11 0.04468599033816425 0.8426745329400197 0.05314009661835749 0.06489675516224189
11 0.8013285024154589 0.7905604719764012 0.05434782608695652 0.05309734513274336
13 0.2457729468599034 0.30924287118977384 0.22826086956521738 0.1976401179941003
5 0.8260869565217391 0.5147492625368731 0.15217391304347827 0.22123893805309736
8 0.8466183574879227 0.283677482792527 0.03864734299516908 0.03638151425762045
11 0.11714975845410629 0.7900688298918387 0.06038647342995169 0.04031465093411996
8 0.6340579710144928 0.3952802359882006 0.10869565217391304 0.06686332350049164
11 0.05555555555555555 0.86086529006883 0.06280193236714976 0.0776794493608653
13 0.34903381642512077 0.15388397246804325 0.1932367149758454 0.06784660766961652
13 0.38768115942028986 0.1592920353982301 0.11594202898550725 0.0727630285152409
11 0.07669082125603864 0.8387413962635202 0.10024154589371981 0.09636184857423795
13 0.8170289855072463 0.5398230088495575 0.10507246376811594 0.1415929203539823
10 0.05555555555555555 0.86086529006883 0.06280193236714976 0.0776794493608653
