8 0.6236979166666666 0.3453125 0.018229166666666668 0.017708333333333333
2 0.75390625 0.6901041666666666 0.10677083333333333 0.040625
8 0.7005208333333334 0.37604166666666666 0.013020833333333334 0.008333333333333333
8 0.6106770833333334 0.42552083333333335 0.018229166666666668 0.013541666666666667
2 0.7682291666666666 0.4953125 0.08333333333333333 0.03854166666666667
2 0.7350260416666666 0.6963541666666667 0.07421875 0.04895833333333333
2 0.7161458333333334 0.3171875 0.20052083333333334 0.11979166666666667
2 0.7591145833333334 0.521875 0.06770833333333333 0.09583333333333334
8 0.7350260416666666 0.6932291666666667 0.02734375 0.023958333333333335
8 0.7102864583333334 0.32708333333333334 0.014322916666666666 0.010416666666666666
2 0.7154947916666666 0.325 0.23046875 0.13958333333333334
13 0.7161458333333334 0.3171875 0.20052083333333334 0.11979166666666667
8 0.7845052083333334 0.34791666666666665 0.016927083333333332 0.010416666666666666
8 0.7513020833333334 0.39375 0.015625 0.008333333333333333
8 0.7662760416666666 0.49166666666666664 0.01953125 0.014583333333333334
8 0.697265625 0.275 0.01953125 0.014583333333333334
