13 0.7842789598108747 0.59228515625 0.10520094562647754 0.1396484375
7 0.29314420803782504 0.5712890625 0.2033096926713948 0.10546875
5 0.32269503546099293 0.537109375 0.2576832151300236 0.173828125
0 0.5874704491725768 0.2998046875 0.1276595744680851 0.103515625
5 0.3108747044917258 0.57470703125 0.23877068557919623 0.1064453125
13 0.783096926713948 0.58251953125 0.0933806146572104 0.1298828125
13 0.29314420803782504 0.5712890625 0.2033096926713948 0.10546875
7 0.7842789598108747 0.59228515625 0.10520094562647754 0.1396484375
5 0.783096926713948 0.58251953125 0.0933806146572104 0.1298828125
0 0.5904255319148937 0.30419921875 0.11702127659574468 0.1259765625
9 0.783096926713948 0.58251953125 0.0933806146572104 0.1298828125
9 0.3108747044917258 0.57470703125 0.23877068557919623 0.1064453125
13 0.3108747044917258 0.57470703125 0.23877068557919623 0.1064453125
6 0.8037825059101655 0.59716796875 0.1016548463356974 0.1279296875
0 0.5904255319148937 0.2958984375 0.12174940898345153 0.1015625
5 0.8037825059101655 0.59716796875 0.1016548463356974 0.1279296875
6 0.32269503546099293 0.537109375 0.2576832151300236 0.173828125
