3 0.5652741514360313 0.6387733887733887 0.4516971279373368 0.07172557172557173
8 0.9379895561357703 0.4007276507276507 0.016971279373368148 0.013513513513513514
8 0.7813315926892951 0.2869022869022869 0.014360313315926894 0.010395010395010396
3 0.5744125326370757 0.6481288981288982 0.4751958224543081 0.104989604989605
0 0.5776762402088773 0.4002079002079002 0.12402088772845953 0.11226611226611227
8 0.21279373368146215 0.6091476091476091 0.02610966057441253 0.014553014553014554
8 0.22780678851174935 0.3128898128898129 0.01174934725848564 0.008316008316008316
8 0.6096605744125326 0.3087318087318087 0.013054830287206266 0.010395010395010396
3 0.5685378590078329 0.6408523908523909 0.47911227154047 0.12993762993762994
0 0.5828981723237598 0.38513513513513514 0.12402088772845953 0.09667359667359668
8 0.23368146214099217 0.42463617463617465 0.013054830287206266 0.011434511434511435
