7 0.7311475409836066 0.4144050104384134 0.32786885245901637 0.5448851774530271
6 0.7437158469945355 0.3731732776617954 0.25901639344262295 0.49164926931106473
10 0.26885245901639343 0.42066805845511485 0.3475409836065574 0.6033402922755741
7 0.3109289617486339 0.4451983298538622 0.2087431693989071 0.3246346555323591
7 0.30601092896174864 0.42066805845511485 0.18797814207650274 0.2985386221294363
6 0.7311475409836066 0.4144050104384134 0.32786885245901637 0.5448851774530271
8 0.3109289617486339 0.4326722338204593 0.17595628415300546 0.3267223382045929
6 0.7333333333333333 0.41805845511482254 0.2863387978142076 0.36221294363256784
10 0.2644808743169399 0.3768267223382046 0.3344262295081967 0.5615866388308977
5 0.7437158469945355 0.3731732776617954 0.25901639344262295 0.49164926931106473
10 0.24918032786885247 0.4201461377870564 0.3344262295081967 0.48956158663883087
