13 0.7151029748283753 0.22886029411764705 0.2219679633867277 0.14154411764705882
13 0.30549199084668194 0.3235294117647059 0.23569794050343248 0.22977941176470587
13 0.3135011441647597 0.27619485294117646 0.21052631578947367 0.1957720588235294
10 0.06292906178489703 0.8092830882352942 0.036613272311212815 0.05422794117647059
11 0.7088100686498856 0.15073529411764705 0.17963386727688788 0.051470588235294115
11 0.7191075514874142 0.16268382352941177 0.11327231121281464 0.05698529411764706
1 0.3135011441647597 0.27619485294117646 0.21052631578947367 0.1957720588235294
13 0.3306636155606407 0.28125 0.2540045766590389 0.22977941176470587
11 0.34496567505720827 0.16268382352941177 0.2139588100686499 0.07536764705882353
11 0.06292906178489703 0.8092830882352942 0.036613272311212815 0.05422794117647059
