3 0.5358942065491183 0.721395881006865 0.4420654911838791 0.12013729977116705
0 0.5629722921914357 0.341533180778032 0.11586901763224182 0.09496567505720824
7 0.18828715365239296 0.6264302059496567 0.12720403022670027 0.32837528604118993
7 0.8003778337531486 0.6681922196796338 0.1624685138539043 0.2494279176201373
11 0.12279596977329975 0.8197940503432495 0.028967254408060455 0.09267734553775744
3 0.5390428211586902 0.727116704805492 0.4609571788413098 0.13844393592677345
3 0.5283375314861462 0.7254004576659039 0.4596977329974811 0.11212814645308924
0 0.5573047858942065 0.36670480549199086 0.1297229219143577 0.13844393592677345
0 0.5566750629722922 0.37299771167048057 0.11586901763224182 0.14874141876430205
10 0.12279596977329975 0.8197940503432495 0.028967254408060455 0.09267734553775744
