4 0.44287109375 0.49365234375 0.1494140625 0.2236328125
11 0.306640625 0.611328125 0.04296875 0.05078125
10 0.30322265625 0.61083984375 0.0498046875 0.0634765625
13 0.37939453125 0.52734375 0.1318359375 0.146484375
7 0.36865234375 0.53759765625 0.0888671875 0.1279296875
11 0.30322265625 0.61083984375 0.0498046875 0.0634765625
10 0.30078125 0.62890625 0.052734375 0.06640625
1 0.44287109375 0.49365234375 0.1494140625 0.2236328125
13 0.37939453125 0.52392578125 0.1103515625 0.1455078125
4 0.4462890625 0.49462890625 0.150390625 0.2412109375
10 0.306640625 0.611328125 0.04296875 0.05078125
7 0.4736328125 0.40283203125 0.083984375 0.2646484375
1 0.4462890625 0.49462890625 0.150390625 0.2412109375
11 0.30078125 0.62890625 0.052734375 0.06640625
