7 0.24674479166666666 0.5104166666666666 0.2669270833333333 0.38958333333333334
11 0.20572916666666666 0.6776041666666667 0.1796875 0.06770833333333333
11 0.09114583333333333 0.7572916666666667 0.049479166666666664 0.13125
10 0.09114583333333333 0.7572916666666667 0.049479166666666664 0.13125
11 0.3704427083333333 0.21979166666666666 0.07942708333333333 0.025
9 0.05078125 0.5604166666666667 0.08854166666666667 0.54375
3 0.580078125 0.6875 0.4622395833333333 0.175
6 0.240234375 0.44427083333333334 0.26953125 0.38229166666666664
13 0.18359375 0.5630208333333333 0.09635416666666667 0.08229166666666667
9 0.031901041666666664 0.51875 0.05859375 0.5416666666666666
9 0.20572916666666666 0.6776041666666667 0.1796875 0.06770833333333333
0 0.5397135416666666 0.3828125 0.11848958333333333 0.09895833333333333
13 0.240234375 0.44427083333333334 0.26953125 0.38229166666666664
9 0.2610677083333333 0.7109375 0.31640625 0.128125
13 0.24609375 0.471875 0.21614583333333334 0.33958333333333335
9 0.20963541666666666 0.6760416666666667 0.14322916666666666 0.05416666666666667
