10 0.8625792811839323 0.7454441913439636 0.048625792811839326 0.11047835990888383
13 0.26004228329809725 0.3228929384965831 0.0613107822410148 0.04214123006833713
11 0.313953488372093 0.11845102505694761 0.05496828752642706 0.022779043280182234
10 0.25422832980972515 0.606492027334852 0.35200845665961944 0.26993166287015946
11 0.8620507399577167 0.7619589977220956 0.045454545454545456 0.05239179954441914
7 0.25634249471458775 0.3228929384965831 0.056025369978858354 0.03758542141230068
7 0.28276955602536996 0.5227790432801822 0.273784355179704 0.16173120728929385
10 0.2616279069767442 0.5501138952164009 0.2949260042283298 0.4760820045558087
10 0.8662790697674418 0.7562642369020501 0.06236786469344609 0.09567198177676538
10 0.8620507399577167 0.7619589977220956 0.045454545454545456 0.05239179954441914
7 0.27325581395348836 0.5353075170842825 0.3054968287526427 0.1662870159453303
7 0.2869978858350951 0.4982915717539863 0.2864693446088795 0.2357630979498861
11 0.8662790697674418 0.7562642369020501 0.06236786469344609 0.09567198177676538
11 0.8625792811839323 0.7454441913439636 0.048625792811839326 0.11047835990888383
10 0.2568710359408034 0.6030751708428246 0.33403805496828753 0.2972665148063781
