11 0.7043010752688172 0.1796594982078853 0.15698924731182795 0.042114695340501794
9 0.27741935483870966 0.8431899641577061 0.26666666666666666 0.14874551971326164
11 0.14838709677419354 0.9408602150537635 0.060215053763440864 0.07168458781362007
11 0.8946236559139785 0.871415770609319 0.08172043010752689 0.08512544802867383
11 0.9048387096774193 0.882168458781362 0.046236559139784944 0.08870967741935484
10 0.14838709677419354 0.9408602150537635 0.060215053763440864 0.07168458781362007
0 0.5704301075268817 0.34274193548387094 0.13225806451612904 0.11021505376344086
0 0.5752688172043011 0.33064516129032256 0.12688172043010754 0.0913978494623656
10 0.14086021505376345 0.9408602150537635 0.05161290322580645 0.06630824372759857
11 0.13763440860215054 0.9233870967741935 0.0989247311827957 0.08870967741935484
11 0.6897849462365592 0.16756272401433692 0.14301075268817204 0.01971326164874552
10 0.9048387096774193 0.882168458781362 0.046236559139784944 0.08870967741935484
11 0.9010752688172043 0.882168458781362 0.05161290322580645 0.09587813620071685
11 0.7193548387096774 0.17921146953405018 0.16774193548387098 0.04121863799283154
9 0.24408602150537634 0.83915770609319 0.20430107526881722 0.12992831541218638
11 0.14086021505376345 0.9408602150537635 0.05161290322580645 0.06630824372759857
10 0.9010752688172043 0.882168458781362 0.05161290322580645 0.09587813620071685
