11 0.333984375 0.12760416666666666 0.22005208333333334 0.06145833333333333
9 0.369140625 0.125 0.040364583333333336 0.04375
11 0.3424479166666667 0.12604166666666666 0.2265625 0.09583333333333334
13 0.775390625 0.30364583333333334 0.09765625 0.04895833333333333
13 0.3177083333333333 0.25729166666666664 0.19010416666666666 0.1875
13 0.7903645833333334 0.30104166666666665 0.07291666666666667 0.04375
13 0.7805989583333334 0.30520833333333336 0.08463541666666667 0.027083333333333334
7 0.330078125 0.21666666666666667 0.17317708333333334 0.22916666666666666
1 0.3639322916666667 0.16822916666666668 0.16276041666666666 0.209375
6 0.3235677083333333 0.26875 0.19401041666666666 0.2791666666666667
