13 0.7291666666666666 0.4421875 0.15625 0.05520833333333333
13 0.7252604166666666 0.4479166666666667 0.15625 0.06041666666666667
0 0.5638020833333334 0.36666666666666664 0.1171875 0.10625
11 0.6328125 0.25416666666666665 0.0859375 0.016666666666666666
13 0.349609375 0.32135416666666666 0.09244791666666667 0.15729166666666666
13 0.361328125 0.3385416666666667 0.09765625 0.175
13 0.2916666666666667 0.44895833333333335 0.19270833333333334 0.09791666666666667
13 0.296875 0.4630208333333333 0.1875 0.103125
0 0.5572916666666666 0.3567708333333333 0.1328125 0.08854166666666667
13 0.7428385416666666 0.4359375 0.14192708333333334 0.023958333333333335
13 0.2838541666666667 0.4432291666666667 0.1953125 0.090625
7 0.296875 0.4630208333333333 0.1875 0.103125
11 0.2955729166666667 0.25052083333333336 0.057291666666666664 0.028125
7 0.345703125 0.30833333333333335 0.07161458333333333 0.12291666666666666
7 0.361328125 0.3385416666666667 0.09765625 0.175
