11 0.68701171875 0.158203125 0.0908203125 0.056640625
13 0.72314453125 0.3896484375 0.0673828125 0.0703125
11 0.673828125 0.14501953125 0.06640625 0.0341796875
9 0.72314453125 0.3896484375 0.0673828125 0.0703125
7 0.732421875 0.390625 0.0859375 0.08203125
0 0.58447265625 0.31005859375 0.1025390625 0.0947265625
0 0.58544921875 0.3115234375 0.1005859375 0.099609375
13 0.7177734375 0.37744140625 0.0703125 0.0517578125
13 0.732421875 0.390625 0.0859375 0.08203125
8 0.732421875 0.390625 0.0859375 0.08203125
8 0.72314453125 0.3896484375 0.0673828125 0.0703125
