10 0.12174940898345153 0.67626953125 0.05673758865248227 0.0517578125
11 0.35047281323877066 0.1669921875 0.15484633569739953 0.02734375
13 0.6719858156028369 0.24755859375 0.0673758865248227 0.1962890625
7 0.35047281323877066 0.1669921875 0.15484633569739953 0.02734375
0 0.5933806146572104 0.265625 0.11347517730496454 0.138671875
11 0.12174940898345153 0.67626953125 0.05673758865248227 0.0517578125
13 0.39952718676122934 0.162109375 0.05200945626477541 0.041015625
11 0.37056737588652483 0.16015625 0.24468085106382978 0.078125
13 0.6613475177304965 0.22412109375 0.04373522458628842 0.1708984375
3 0.6306146572104019 0.5888671875 0.4314420803782506 0.134765625
11 0.7328605200945626 0.14697265625 0.2127659574468085 0.0771484375
7 0.39952718676122934 0.162109375 0.05200945626477541 0.041015625
13 0.6784869976359338 0.2470703125 0.07565011820330969 0.240234375
11 0.7960992907801419 0.1630859375 0.07446808510638298 0.0546875
