5 0.7275390625 0.67724609375 0.095703125 0.1689453125
6 0.7275390625 0.67724609375 0.095703125 0.1689453125
13 0.7275390625 0.67724609375 0.095703125 0.1689453125
9 0.72607421875 0.70703125 0.0849609375 0.076171875
9 0.2734375 0.30810546875 0.06640625 0.2138671875
11 0.77001953125 0.798828125 0.0380859375 0.060546875
10 0.77001953125 0.798828125 0.0380859375 0.060546875
9 0.3115234375 0.46044921875 0.1484375 0.2470703125
11 0.1943359375 0.7666015625 0.03515625 0.048828125
13 0.71435546875 0.65576171875 0.1455078125 0.0380859375
10 0.1943359375 0.7666015625 0.03515625 0.048828125
6 0.3115234375 0.46044921875 0.1484375 0.2470703125
13 0.71533203125 0.64111328125 0.1005859375 0.0537109375
13 0.3115234375 0.46044921875 0.1484375 0.2470703125
11 0.2734375 0.30810546875 0.06640625 0.2138671875
