8 0.3141634980988593 0.39861523244312563 0.2633079847908745 0.4035608308605341
9 0.31511406844106465 0.4124629080118694 0.25570342205323193 0.3818001978239367
9 0.3208174904942966 0.4020771513353116 0.2652091254752852 0.39465875370919884
3 0.564638783269962 0.7161226508407518 0.4714828897338403 0.13056379821958458
8 0.31511406844106465 0.4124629080118694 0.25570342205323193 0.3818001978239367
8 0.3208174904942966 0.4020771513353116 0.2652091254752852 0.39465875370919884
13 0.3269961977186312 0.6038575667655787 0.19771863117870722 0.26805143422354105
13 0.7024714828897338 0.21315529179030662 0.09885931558935361 0.16913946587537093
9 0.025190114068441065 0.685459940652819 0.04467680608365019 0.3857566765578635
9 0.11977186311787072 0.5351137487636004 0.024714828897338403 0.033630069238377844
3 0.5717680608365019 0.7472799208704253 0.4781368821292776 0.14737883283877348
0 0.5727186311787072 0.31008902077151335 0.1150190114068441 0.12166172106824925
13 0.7157794676806084 0.19584569732937684 0.08555133079847908 0.13452027695351138
2 0.589828897338403 0.2675568743818002 0.03326996197718631 0.026706231454005934
