11 0.3715116279069767 0.16666666666666666 0.1313953488372093 0.04430379746835443
3 0.5552325581395349 0.6919831223628692 0.40813953488372096 0.18143459915611815
13 0.711046511627907 0.3169831223628692 0.1127906976744186 0.14240506329113925
13 0.19709302325581396 0.3744725738396624 0.04534883720930233 0.035864978902953586
0 0.5825581395348837 0.36603375527426163 0.14651162790697675 0.1729957805907173
11 0.772093023255814 0.7674050632911392 0.05581395348837209 0.05590717299578059
11 0.7755813953488372 0.7827004219409283 0.09302325581395349 0.04008438818565401
0 0.5906976744186047 0.3560126582278481 0.11627906976744186 0.14240506329113925
13 0.6569767441860465 0.19356540084388185 0.027906976744186046 0.024261603375527425
13 0.7220930232558139 0.29535864978902954 0.10232558139534884 0.0970464135021097
3 0.5645348837209302 0.6935654008438819 0.3918604651162791 0.17616033755274263
8 0.27906976744186046 0.3037974683544304 0.023255813953488372 0.02109704641350211
0 0.5720930232558139 0.3470464135021097 0.15348837209302327 0.14135021097046413
13 0.2686046511627907 0.29430379746835444 0.05813953488372093 0.04852320675105485
8 0.31453488372093025 0.350210970464135 0.015116279069767442 0.010548523206751054
13 0.661046511627907 0.18618143459915612 0.02441860465116279 0.03270042194092827
13 0.3186046511627907 0.22784810126582278 0.03255813953488372 0.03375527426160337
9 0.2238372093023256 0.7494725738396625 0.10116279069767442 0.05590717299578059
9 0.7755813953488372 0.7827004219409283 0.09302325581395349 0.04008438818565401
2 0.28081395348837207 0.3048523206751055 0.019767441860465116 0.02109704641350211
