13 0.375366568914956 0.13865546218487396 0.06158357771260997 0.04441776710684274
13 0.3489736070381232 0.19687875150060025 0.12316715542521994 0.14405762304921968
13 0.31085043988269795 0.22509003601440578 0.14076246334310852 0.13565426170468187
11 0.12976539589442815 0.7454981992797118 0.0689149560117302 0.05042016806722689
10 0.12976539589442815 0.7454981992797118 0.0689149560117302 0.05042016806722689
10 0.9435483870967742 0.7557022809123649 0.045454545454545456 0.06362545018007203
13 0.32697947214076245 0.21308523409363744 0.06451612903225806 0.06842737094837935
11 0.9435483870967742 0.7557022809123649 0.045454545454545456 0.06362545018007203
13 0.2837243401759531 0.27010804321728693 0.05718475073313783 0.024009603841536616
0 0.593841642228739 0.258703481392557 0.09970674486803519 0.10204081632653061
