11 0.3430989583333333 0.27239583333333334 0.13151041666666666 0.040625
13 0.3365885416666667 0.35260416666666666 0.15755208333333334 0.140625
3 0.5592447916666666 0.6677083333333333 0.38671875 0.14791666666666667
0 0.560546875 0.4109375 0.11848958333333333 0.121875
0 0.556640625 0.4192708333333333 0.13411458333333334 0.14479166666666668
13 0.3059895833333333 0.3453125 0.15625 0.134375
11 0.5904947916666666 0.265625 0.10807291666666667 0.027083333333333334
13 0.3190104166666667 0.34479166666666666 0.16145833333333334 0.13333333333333333
9 0.3190104166666667 0.6578125 0.109375 0.04895833333333333
11 0.3313802083333333 0.6510416666666666 0.024739583333333332 0.025
