13 0.22265625 0.240625 0.14322916666666666 0.15416666666666667
13 0.21354166666666666 0.19739583333333333 0.08333333333333333 0.07604166666666666
11 0.052734375 0.6744791666666666 0.04296875 0.03854166666666667
13 0.208984375 0.33645833333333336 0.17578125 0.09375
13 0.21809895833333334 0.3453125 0.18098958333333334 0.103125
0 0.4674479166666667 0.3223958333333333 0.1328125 0.13020833333333334
13 0.7141927083333334 0.32864583333333336 0.08723958333333333 0.03229166666666667
1 0.21875 0.3255208333333333 0.15104166666666666 0.07604166666666666
1 0.21809895833333334 0.3453125 0.18098958333333334 0.103125
0 0.4733072916666667 0.31979166666666664 0.14192708333333334 0.14375
0 0.4830729166666667 0.3125 0.12760416666666666 0.11875
13 0.7213541666666666 0.32864583333333336 0.08333333333333333 0.034375
10 0.052734375 0.6744791666666666 0.04296875 0.03854166666666667
