13 0.33518312985571586 0.15561959654178675 0.02885682574916759 0.0345821325648415
11 0.34739178690344064 0.1138328530259366 0.11098779134295228 0.03362151777137368
3 0.5682574916759157 0.5975024015369836 0.38401775804661487 0.15561959654178675
0 0.5760266370699223 0.25696445725264166 0.08435072142064373 0.08549471661863593
2 0.3335183129855716 0.15465898174831894 0.03662597114317425 0.03266090297790586
13 0.3318534961154273 0.1484149855907781 0.05549389567147614 0.056676272814601344
0 0.5588235294117647 0.28001921229586935 0.13873473917869034 0.1373679154658982
11 0.3607103218645949 0.10806916426512968 0.09988901220865705 0.027857829010566763
8 0.33518312985571586 0.15561959654178675 0.02885682574916759 0.0345821325648415
0 0.5638179800221975 0.281940441882805 0.11986681465038845 0.12584053794428435
11 0.3374028856825749 0.1143131604226705 0.16870144284128746 0.03266090297790586
8 0.8318534961154272 0.47070124879923153 0.01220865704772475 0.011527377521613832
