10 0.3605200945626478 0.34521484375 0.3380614657210402 0.4580078125
0 0.6477541371158393 0.2900390625 0.12056737588652482 0.130859375
0 0.650709219858156 0.29638671875 0.12411347517730496 0.1376953125
7 0.8587470449172577 0.412109375 0.03664302600472813 0.119140625
9 0.8587470449172577 0.412109375 0.03664302600472813 0.119140625
10 0.34810874704491723 0.37109375 0.3061465721040189 0.48828125
9 0.5508274231678487 0.318359375 0.13002364066193853 0.42578125
7 0.4013002364066194 0.2626953125 0.1288416075650118 0.18359375
7 0.3587470449172577 0.40478515625 0.2919621749408983 0.5537109375
0 0.6412529550827423 0.28466796875 0.1359338061465721 0.1142578125
7 0.859338061465721 0.40478515625 0.030732860520094562 0.0693359375
7 0.40189125295508277 0.25439453125 0.11347517730496454 0.1787109375
10 0.3587470449172577 0.40478515625 0.2919621749408983 0.5537109375
