11 0.15950520833333334 0.5421875 0.055989583333333336 0.08229166666666667
7 0.2838541666666667 0.36041666666666666 0.2838541666666667 0.30833333333333335
9 0.3255208333333333 0.4828125 0.1015625 0.034375
9 0.16080729166666666 0.3375 0.10807291666666667 0.33958333333333335
9 0.4108072916666667 0.34739583333333335 0.016927083333333332 0.03854166666666667
9 0.15885416666666666 0.20260416666666667 0.07552083333333333 0.06354166666666666
10 0.17317708333333334 0.5604166666666667 0.09895833333333333 0.1125
10 0.15950520833333334 0.5421875 0.055989583333333336 0.08229166666666667
9 0.16796875 0.20104166666666667 0.057291666666666664 0.04791666666666667
11 0.23307291666666666 0.2359375 0.15104166666666666 0.18854166666666666
11 0.17317708333333334 0.5604166666666667 0.09895833333333333 0.1125
12 0.326171875 0.18645833333333334 0.18880208333333334 0.10833333333333334
