8 0.7643229166666666 0.4739583333333333 0.015625 0.00625
8 0.7942708333333334 0.625 0.018229166666666668 0.008333333333333333
8 0.375 0.5177083333333333 0.018229166666666668 0.010416666666666666
8 0.408203125 0.6067708333333334 0.016927083333333332 0.011458333333333333
8 0.2688802083333333 0.584375 0.009114583333333334 0.008333333333333333
8 0.7897135416666666 0.521875 0.016927083333333332 0.014583333333333334
8 0.3313802083333333 0.5463541666666667 0.23307291666666666 0.13229166666666667
2 0.32421875 0.5453125 0.22395833333333334 0.11979166666666667
8 0.8059895833333334 0.5651041666666666 0.010416666666666666 0.007291666666666667
8 0.775390625 0.5567708333333333 0.12369791666666667 0.19479166666666667
2 0.796875 0.5583333333333333 0.09114583333333333 0.175
8 0.23893229166666666 0.5072916666666667 0.009114583333333334 0.010416666666666666
