11 0.8704427083333334 0.803125 0.07161458333333333 0.10625
11 0.12565104166666666 0.896875 0.048177083333333336 0.03333333333333333
13 0.19075520833333334 0.7723958333333333 0.11848958333333333 0.034375
13 0.6243489583333334 0.30885416666666665 0.13671875 0.07395833333333333
13 0.2682291666666667 0.3572916666666667 0.13802083333333334 0.15208333333333332
10 0.12565104166666666 0.896875 0.048177083333333336 0.03333333333333333
13 0.30078125 0.35104166666666664 0.1484375 0.15416666666666667
10 0.8645833333333334 0.8036458333333333 0.041666666666666664 0.057291666666666664
11 0.857421875 0.8229166666666666 0.06640625 0.07291666666666667
10 0.8704427083333334 0.803125 0.07161458333333333 0.10625
0 0.5345052083333334 0.4041666666666667 0.10026041666666667 0.11666666666666667
13 0.6204427083333334 0.33489583333333334 0.12109375 0.121875
10 0.857421875 0.8229166666666666 0.06640625 0.07291666666666667
0 0.5182291666666666 0.41822916666666665 0.125 0.134375
11 0.8645833333333334 0.8036458333333333 0.041666666666666664 0.057291666666666664
9 0.2682291666666667 0.3572916666666667 0.13802083333333334 0.15208333333333332
13 0.3014322916666667 0.3536458333333333 0.14713541666666666 0.14479166666666668
