13 0.3398345153664303 0.1298828125 0.12174940898345153 0.025390625
11 0.2074468085106383 0.19091796875 0.041371158392434985 0.0361328125
9 0.21749408983451538 0.328125 0.1016548463356974 0.142578125
7 0.7275413711583925 0.283203125 0.12174940898345153 0.162109375
6 0.21749408983451538 0.328125 0.1016548463356974 0.142578125
10 0.11229314420803782 0.72607421875 0.03546099290780142 0.0517578125
7 0.22281323877068557 0.33544921875 0.11465721040189125 0.1494140625
0 0.5401891252955082 0.34033203125 0.11347517730496454 0.1123046875
11 0.6666666666666666 0.11962890625 0.12056737588652482 0.0283203125
11 0.3398345153664303 0.1298828125 0.12174940898345153 0.025390625
11 0.2937352245862884 0.1591796875 0.19030732860520094 0.0859375
5 0.22754137115839243 0.4248046875 0.13120567375886524 0.259765625
0 0.543144208037825 0.32373046875 0.11229314420803782 0.0791015625
13 0.22281323877068557 0.33544921875 0.11465721040189125 0.1494140625
13 0.7275413711583925 0.283203125 0.12174940898345153 0.162109375
11 0.11229314420803782 0.72607421875 0.03546099290780142 0.0517578125
13 0.21749408983451538 0.328125 0.1016548463356974 0.142578125
11 0.6950354609929078 0.1162109375 0.1016548463356974 0.04296875
5 0.7358156028368794 0.3291015625 0.12411347517730496 0.19140625
