7 0.6745951417004049 0.4428284854563691 0.1305668016194332 0.12537612838515547
4 0.32894736842105265 0.3971915747241725 0.25303643724696356 0.34704112337011034
4 0.28846153846153844 0.37612838515546637 0.1902834008097166 0.22668004012036108
10 0.7631578947368421 0.5391173520561685 0.29554655870445345 0.5687061183550652
11 0.694331983805668 0.16649949849548645 0.10728744939271255 0.06619859578736209
7 0.28643724696356276 0.39117352056168503 0.19635627530364372 0.2768304914744233
10 0.7768218623481782 0.5737211634904714 0.28441295546558704 0.5997993981945837
8 0.28846153846153844 0.37612838515546637 0.1902834008097166 0.22668004012036108
4 0.28643724696356276 0.39117352056168503 0.19635627530364372 0.2768304914744233
10 0.7196356275303644 0.5245737211634904 0.34615384615384615 0.5536609829488466
7 0.32894736842105265 0.3971915747241725 0.25303643724696356 0.34704112337011034
