5 0.2506510416666667 0.43385416666666665 0.24088541666666666 0.190625
6 0.2506510416666667 0.43385416666666665 0.24088541666666666 0.190625
11 0.7708333333333334 0.5739583333333333 0.078125 0.08125
10 0.17903645833333334 0.5359375 0.12369791666666667 0.071875
10 0.212890625 0.5447916666666667 0.22526041666666666 0.14166666666666666
9 0.46875 0.38385416666666666 0.6432291666666666 0.465625
5 0.6842447916666666 0.38385416666666666 0.22005208333333334 0.328125
10 0.7610677083333334 0.575 0.08463541666666667 0.1
3 0.55078125 0.503125 0.3515625 0.1375
3 0.4973958333333333 0.5057291666666667 0.4427083333333333 0.15729166666666666
5 0.2701822916666667 0.3645833333333333 0.2513020833333333 0.30416666666666664
5 0.7102864583333334 0.4036458333333333 0.17317708333333334 0.18229166666666666
10 0.7708333333333334 0.5739583333333333 0.078125 0.08125
6 0.7102864583333334 0.4036458333333333 0.17317708333333334 0.18229166666666666
10 0.169921875 0.5265625 0.09505208333333333 0.109375
10 0.7565104166666666 0.5552083333333333 0.09895833333333333 0.13958333333333334
0 0.5397135416666666 0.2947916666666667 0.07942708333333333 0.075
