0 0.63134765625 0.3056640625 0.1240234375 0.10546875
9 0.466796875 0.57080078125 0.0546875 0.0986328125
9 0.50732421875 0.32470703125 0.0595703125 0.0458984375
3 0.626953125 0.58642578125 0.359375 0.0986328125
9 0.505859375 0.326171875 0.05078125 0.0390625
9 0.93798828125 0.18701171875 0.1103515625 0.1455078125
7 0.50732421875 0.32470703125 0.0595703125 0.0458984375
0 0.64404296875 0.3125 0.0966796875 0.109375
9 0.90673828125 0.17724609375 0.1748046875 0.0615234375
0 0.57080078125 0.365234375 0.2236328125 0.234375
