0 0.6046511627906976 0.32809110629067245 0.09791921664626684 0.11171366594360087
0 0.6126070991432069 0.30531453362255967 0.0795593635250918 0.06182212581344902
0 0.6107711138310894 0.35357917570498915 0.10281517747858017 0.15184381778741865
3 0.6444308445532436 0.6339479392624728 0.49326805385556916 0.1399132321041215
9 0.6793145654834761 0.42733188720173537 0.09302325581395349 0.14533622559652928
3 0.6413708690330477 0.6296095444685467 0.4969400244798042 0.12472885032537961
6 0.34577723378212977 0.5211496746203904 0.16523867809057527 0.14859002169197397
5 0.7827417380660955 0.40238611713665945 0.2533659730722154 0.420824295010846
3 0.6352509179926561 0.6127982646420824 0.4920440636474908 0.1843817787418655
5 0.29008567931456547 0.39045553145336226 0.3182374541003672 0.46637744034707157
