11 0.6516927083333334 0.1109375 0.10026041666666667 0.036458333333333336
3 0.482421875 0.640625 0.3919270833333333 0.12916666666666668
7 0.26953125 0.5973958333333333 0.10677083333333333 0.12604166666666666
3 0.4811197916666667 0.6614583333333334 0.38671875 0.12708333333333333
11 0.6302083333333334 0.1140625 0.14583333333333334 0.04479166666666667
9 0.26953125 0.5973958333333333 0.10677083333333333 0.12604166666666666
11 0.3001302083333333 0.10625 0.12369791666666667 0.0375
13 0.16015625 0.3536458333333333 0.03125 0.036458333333333336
11 0.6360677083333334 0.1203125 0.14453125 0.059375
11 0.2864583333333333 0.10572916666666667 0.109375 0.036458333333333336
13 0.169921875 0.3489583333333333 0.045572916666666664 0.041666666666666664
8 0.16796875 0.35572916666666665 0.033854166666666664 0.019791666666666666
