0 0.6193181818181818 0.3316378433367243 0.14015151515151514 0.12004069175991862
9 0.18686868686868688 0.5132248219735503 0.030303030303030304 0.03153611393692777
8 0.3352272727272727 0.3082400813835198 0.06944444444444445 0.06510681586978637
11 0.380050505050505 0.1536113936927772 0.2222222222222222 0.06510681586978637
11 0.36426767676767674 0.15717192268565616 0.1830808080808081 0.0681586978636826
9 0.21148989898989898 0.2914547304170905 0.06691919191919192 0.06205493387589013
0 0.6294191919191919 0.3219735503560529 0.13005050505050506 0.10071210579857579
3 0.6174242424242424 0.6810783316378434 0.4722222222222222 0.17192268565615462
11 0.3560606060606061 0.15971515768056968 0.18181818181818182 0.06510681586978637
8 0.24936868686868688 0.3652085452695829 0.04924242424242424 0.04069175991861648
