9 0.431640625 0.36354166666666665 0.10026041666666667 0.34791666666666665
0 0.603515625 0.34791666666666665 0.13932291666666666 0.1125
11 0.9173177083333334 0.8010416666666667 0.04296875 0.04791666666666667
9 0.4127604166666667 0.440625 0.0703125 0.12916666666666668
9 0.3209635416666667 0.2328125 0.11067708333333333 0.13229166666666667
7 0.431640625 0.36354166666666665 0.10026041666666667 0.34791666666666665
13 0.3450520833333333 0.278125 0.1640625 0.19583333333333333
13 0.23763020833333334 0.6203125 0.12369791666666667 0.019791666666666666
13 0.3209635416666667 0.2328125 0.11067708333333333 0.13229166666666667
0 0.603515625 0.35208333333333336 0.12890625 0.11666666666666667
13 0.3411458333333333 0.28229166666666666 0.08333333333333333 0.19166666666666668
10 0.9173177083333334 0.8010416666666667 0.04296875 0.04791666666666667
0 0.6139322916666666 0.34010416666666665 0.11328125 0.109375
