11 0.3359375 0.13333333333333333 0.1953125 0.05625
9 0.2109375 0.5020833333333333 0.09114583333333333 0.06041666666666667
12 0.3522135416666667 0.4895833333333333 0.13151041666666666 0.08541666666666667
7 0.2994791666666667 0.353125 0.2942708333333333 0.35833333333333334
10 0.2923177083333333 0.5697916666666667 0.25390625 0.20625
7 0.2981770833333333 0.409375 0.28125 0.16041666666666668
4 0.2994791666666667 0.353125 0.2942708333333333 0.35833333333333334
13 0.3098958333333333 0.2635416666666667 0.23177083333333334 0.23541666666666666
10 0.3001302083333333 0.5770833333333333 0.2955729166666667 0.10208333333333333
10 0.2942708333333333 0.4786458333333333 0.2604166666666667 0.22395833333333334
4 0.3098958333333333 0.29375 0.1640625 0.1375
4 0.3111979166666667 0.28489583333333335 0.1640625 0.128125
9 0.3470052083333333 0.48854166666666665 0.13932291666666666 0.0875
11 0.23697916666666666 0.19739583333333333 0.09114583333333333 0.121875
