1 0.7513020833333334 0.26458333333333334 0.19010416666666666 0.20416666666666666
13 0.3541666666666667 0.2859375 0.3046875 0.234375
13 0.3404947916666667 0.32760416666666664 0.25390625 0.24270833333333333
11 0.697265625 0.20416666666666666 0.22526041666666666 0.16875
6 0.3541666666666667 0.2859375 0.3046875 0.234375
6 0.3404947916666667 0.32760416666666664 0.25390625 0.24270833333333333
13 0.3444010416666667 0.2677083333333333 0.26171875 0.23125
13 0.7513020833333334 0.26458333333333334 0.19010416666666666 0.20416666666666666
13 0.75390625 0.3098958333333333 0.16145833333333334 0.17395833333333333
13 0.7493489583333334 0.2734375 0.21484375 0.184375
1 0.697265625 0.18958333333333333 0.20963541666666666 0.15208333333333332
