0 0.5032552083333334 0.4197916666666667 0.12630208333333334 0.08958333333333333
2 0.23763020833333334 0.3625 0.040364583333333336 0.03333333333333333
0 0.5143229166666666 0.4239583333333333 0.10416666666666667 0.1
8 0.17317708333333334 0.5692708333333333 0.018229166666666668 0.009375
8 0.23828125 0.3609375 0.044270833333333336 0.036458333333333336
0 0.5078125 0.42239583333333336 0.109375 0.090625
3 0.5143229166666666 0.6427083333333333 0.3958333333333333 0.14375
3 0.50390625 0.66875 0.3723958333333333 0.10625
11 0.3014322916666667 0.29791666666666666 0.12630208333333334 0.025
3 0.509765625 0.6760416666666667 0.3815104166666667 0.12708333333333333
8 0.23893229166666666 0.36302083333333335 0.040364583333333336 0.034375
