7 0.34714673913043476 0.275 0.11277173913043478 0.1311320754716981
8 0.2710597826086957 0.4202830188679245 0.06657608695652174 0.027358490566037737
2 0.2710597826086957 0.4202830188679245 0.06657608695652174 0.027358490566037737
13 0.7296195652173914 0.29009433962264153 0.17119565217391305 0.12169811320754717
10 0.09442934782608696 0.6622641509433962 0.08016304347826086 0.1
8 0.27241847826086957 0.4207547169811321 0.06114130434782609 0.026415094339622643
0 0.5910326086956522 0.33632075471698114 0.12228260869565218 0.10660377358490566
11 0.09442934782608696 0.6622641509433962 0.08016304347826086 0.1
3 0.5835597826086957 0.6160377358490566 0.47690217391304346 0.14339622641509434
0 0.5957880434782609 0.3466981132075472 0.11820652173913043 0.12735849056603774
3 0.5910326086956522 0.5952830188679246 0.47554347826086957 0.11886792452830189
13 0.27853260869565216 0.28537735849056606 0.25 0.17075471698113207
0 0.5896739130434783 0.33726415094339623 0.1358695652173913 0.09339622641509433
11 0.8682065217391305 0.6287735849056604 0.11413043478260869 0.15754716981132075
10 0.8682065217391305 0.6287735849056604 0.11413043478260869 0.15754716981132075
2 0.27309782608695654 0.4207547169811321 0.0625 0.03018867924528302
11 0.4266304347826087 0.17877358490566037 0.09239130434782608 0.04245283018867924
7 0.717391304347826 0.30424528301886794 0.08423913043478261 0.11226415094339623
