11 0.25 0.22071129707112971 0.13087248322147652 0.1108786610878661
11 0.7684563758389261 0.19246861924686193 0.12751677852348994 0.10251046025104603
0 0.5928411633109619 0.3713389121338912 0.11409395973154363 0.12761506276150628
13 0.2695749440715884 0.301255230125523 0.1185682326621924 0.20502092050209206
11 0.7455257270693513 0.17468619246861924 0.08612975391498881 0.06694560669456066
0 0.5883668903803132 0.36610878661087864 0.12080536912751678 0.11506276150627615
13 0.8126398210290827 0.5266736401673641 0.18456375838926176 0.06171548117154812
13 0.2634228187919463 0.3185146443514644 0.11521252796420582 0.2102510460251046
13 0.25782997762863535 0.30387029288702927 0.10626398210290827 0.17259414225941422
13 0.8288590604026845 0.5355648535564853 0.16554809843400448 0.06276150627615062
3 0.6213646532438478 0.698744769874477 0.470917225950783 0.17154811715481172
