4 0.2858072916666667 0.5989583333333334 0.19401041666666666 0.25
7 0.2701822916666667 0.34479166666666666 0.2877604166666667 0.275
4 0.2975260416666667 0.475 0.19401041666666666 0.19583333333333333
1 0.2975260416666667 0.4609375 0.29296875 0.5197916666666667
10 0.13997395833333334 0.6822916666666666 0.13151041666666666 0.15208333333333332
10 0.2975260416666667 0.4609375 0.29296875 0.5197916666666667
8 0.2708333333333333 0.34375 0.24479166666666666 0.25416666666666665
0 0.5208333333333334 0.34322916666666664 0.12239583333333333 0.06770833333333333
7 0.19661458333333334 0.5625 0.125 0.23958333333333334
3 0.5169270833333334 0.3494791666666667 0.1171875 0.08020833333333334
10 0.130859375 0.6541666666666667 0.11328125 0.16458333333333333
10 0.240234375 0.6697916666666667 0.30078125 0.26875
7 0.2975260416666667 0.475 0.19401041666666666 0.19583333333333333
