3 0.585920177383592 0.673374613003096 0.4379157427937916 0.1475748194014448
3 0.5831485587583148 0.6723426212590299 0.43458980044345896 0.1434468524251806
10 0.9018847006651884 0.7745098039215687 0.041019955654102 0.05675954592363261
11 0.9096452328159645 0.7734778121775026 0.02993348115299335 0.054695562435500514
11 0.6834811529933481 0.217234262125903 0.11862527716186252 0.03199174406604747
0 0.582039911308204 0.39628482972136225 0.12416851441241686 0.13209494324045407
11 0.9018847006651884 0.7745098039215687 0.041019955654102 0.05675954592363261
11 0.8963414634146342 0.7750257997936016 0.05432372505543237 0.06604747162022703
10 0.8963414634146342 0.7750257997936016 0.05432372505543237 0.06604747162022703
10 0.9096452328159645 0.7734778121775026 0.02993348115299335 0.054695562435500514
0 0.5715077605321508 0.3993808049535604 0.14079822616407983 0.14654282765737875
11 0.3464523281596452 0.20485036119711042 0.1008869179600887 0.017543859649122806
