4 0.7513020833333334 0.6489583333333333 0.2265625 0.23958333333333334
8 0.7063802083333334 0.640625 0.19401041666666666 0.17708333333333334
8 0.689453125 0.3177083333333333 0.11588541666666667 0.08333333333333333
8 0.3092447916666667 0.2890625 0.016927083333333332 0.019791666666666666
13 0.3033854166666667 0.40729166666666666 0.18489583333333334 0.16875
8 0.7220052083333334 0.4552083333333333 0.032552083333333336 0.025
13 0.2708333333333333 0.3921875 0.11197916666666667 0.08854166666666667
2 0.2740885416666667 0.39114583333333336 0.10546875 0.08645833333333333
7 0.7513020833333334 0.6489583333333333 0.2265625 0.23958333333333334
8 0.7194010416666666 0.45416666666666666 0.03515625 0.020833333333333332
8 0.6145833333333334 0.7619791666666667 0.20052083333333334 0.15520833333333334
8 0.3385416666666667 0.3203125 0.041666666666666664 0.03229166666666667
11 0.7962239583333334 0.42135416666666664 0.07942708333333333 0.10104166666666667
8 0.7884114583333334 0.4166666666666667 0.06380208333333333 0.07708333333333334
8 0.7330729166666666 0.6307291666666667 0.17708333333333334 0.196875
8 0.3125 0.2875 0.026041666666666668 0.020833333333333332
2 0.3033854166666667 0.40729166666666666 0.18489583333333334 0.16875
8 0.30859375 0.4583333333333333 0.044270833333333336 0.035416666666666666
8 0.7044270833333334 0.31197916666666664 0.12760416666666666 0.09270833333333334
7 0.7076822916666666 0.31145833333333334 0.16015625 0.11458333333333333
7 0.7330729166666666 0.6307291666666667 0.17708333333333334 0.196875
7 0.7962239583333334 0.42135416666666664 0.07942708333333333 0.10104166666666667
13 0.3528645833333333 0.665625 0.09895833333333333 0.12708333333333333
8 0.7897135416666666 0.42083333333333334 0.06380208333333333 0.08125
8 0.72265625 0.45625 0.033854166666666664 0.027083333333333334
10 0.7962239583333334 0.42135416666666664 0.07942708333333333 0.10104166666666667
