11 0.08284457478005865 0.751500600240096 0.0718475073313783 0.0744297719087635
13 0.9098240469208211 0.5786314525810324 0.0718475073313783 0.012004801920768308
10 0.0872434017595308 0.7689075630252101 0.0689149560117302 0.0468187274909964
0 0.5601173020527859 0.2388955582232893 0.13196480938416422 0.08883553421368548
10 0.9450146627565983 0.7250900360144058 0.045454545454545456 0.057623049219687875
0 0.5652492668621701 0.26290516206482595 0.12756598240469208 0.16326530612244897
9 0.24633431085043989 0.6818727490996399 0.3196480938416422 0.15846338535414164
13 0.9127565982404692 0.5792316926770709 0.060117302052785926 0.01800720288115246
11 0.9523460410557185 0.7352941176470589 0.051319648093841645 0.056422569027611044
11 0.0872434017595308 0.7689075630252101 0.0689149560117302 0.0468187274909964
11 0.9450146627565983 0.7250900360144058 0.045454545454545456 0.057623049219687875
13 0.8907624633431085 0.5846338535414166 0.1187683284457478 0.03601440576230492
10 0.08284457478005865 0.751500600240096 0.0718475073313783 0.0744297719087635
10 0.9523460410557185 0.7352941176470589 0.051319648093841645 0.056422569027611044
