11 0.8848973607038123 0.9675870348139256 0.05718475073313783 0.05042016806722689
10 0.10997067448680352 0.9693877551020408 0.08504398826979472 0.04441776710684274
9 0.6928152492668622 0.8937575030012005 0.17155425219941348 0.05162064825930372
10 0.8724340175953079 0.957983193277311 0.07624633431085044 0.06722689075630252
11 0.11143695014662756 0.9627851140456183 0.0967741935483871 0.057623049219687875
10 0.11143695014662756 0.9627851140456183 0.0967741935483871 0.057623049219687875
10 0.8848973607038123 0.9675870348139256 0.05718475073313783 0.05042016806722689
10 0.8841642228739003 0.9561824729891957 0.06451612903225806 0.03481392557022809
11 0.10997067448680352 0.9693877551020408 0.08504398826979472 0.04441776710684274
11 0.8841642228739003 0.9561824729891957 0.06451612903225806 0.03481392557022809
11 0.8724340175953079 0.957983193277311 0.07624633431085044 0.06722689075630252
