8 0.5502309468822171 0.5373271889400921 0.07736720554272518 0.055299539170506916
8 0.6830254041570438 0.3152073732718894 0.026558891454965358 0.025806451612903226
8 0.14665127020785218 0.4640552995391705 0.053117782909930716 0.02488479262672811
9 0.1951501154734411 0.8580645161290322 0.12240184757505773 0.09769585253456221
8 0.19168591224018475 0.8608294930875576 0.12702078521939955 0.09400921658986175
8 0.8302540415704388 0.6193548387096774 0.04157043879907621 0.04055299539170507
8 0.27367205542725176 0.5926267281105991 0.03926096997690531 0.029493087557603687
8 0.19572748267898382 0.8562211981566821 0.1258660508083141 0.09400921658986175
8 0.23556581986143188 0.6225806451612903 0.04387990762124711 0.02857142857142857
8 0.23094688221709006 0.6216589861751152 0.04157043879907621 0.03225806451612903
7 0.1951501154734411 0.8580645161290322 0.12240184757505773 0.09769585253456221
8 0.7875288683602771 0.3870967741935484 0.05542725173210162 0.0423963133640553
8 0.785796766743649 0.38755760368663594 0.061200923787528866 0.04516129032258064
8 0.2528868360277136 0.4110599078341014 0.06235565819861432 0.04608294930875576
8 0.8314087759815243 0.6193548387096774 0.03926096997690531 0.029493087557603687
8 0.23210161662817552 0.6156682027649769 0.04157043879907621 0.029493087557603687
8 0.27655889145496537 0.5926267281105991 0.05196304849884527 0.027649769585253458
0 0.5479214780600462 0.4161290322580645 0.1766743648960739 0.15944700460829492
8 0.7840646651270208 0.3880184331797235 0.06697459584295612 0.047926267281105994
8 0.8290993071593533 0.619815668202765 0.03926096997690531 0.030414746543778803
8 0.24826789838337182 0.347926267281106 0.03464203233256351 0.02857142857142857
8 0.14607390300230946 0.46221198156682025 0.054272517321016164 0.035944700460829496
0 0.5617782909930716 0.4152073732718894 0.1628175519630485 0.1576036866359447
0 0.5646651270207852 0.39400921658986177 0.13163972286374134 0.10967741935483871
8 0.24942263279445728 0.4129032258064516 0.07390300230946882 0.04055299539170507
8 0.14549653579676675 0.4608294930875576 0.050808314087759814 0.03870967741935484
7 0.19572748267898382 0.8562211981566821 0.1258660508083141 0.09400921658986175
8 0.24480369515011546 0.3400921658986175 0.046189376443418015 0.03317972350230415
8 0.2523094688221709 0.4133640552995392 0.06351039260969978 0.03778801843317972
