3 0.5657552083333334 0.5776041666666667 0.38671875 0.08020833333333334
0 0.5787760416666666 0.30052083333333335 0.10807291666666667 0.096875
11 0.3671875 0.165625 0.10416666666666667 0.014583333333333334
0 0.5716145833333334 0.30625 0.1171875 0.09791666666666667
3 0.5533854166666666 0.5526041666666667 0.390625 0.09895833333333333
2 0.6458333333333334 0.21875 0.018229166666666668 0.014583333333333334
0 0.576171875 0.31145833333333334 0.09505208333333333 0.1
2 0.6477864583333334 0.21822916666666667 0.016927083333333332 0.017708333333333333
3 0.5729166666666666 0.5723958333333333 0.4114583333333333 0.08229166666666667
8 0.6477864583333334 0.21822916666666667 0.016927083333333332 0.017708333333333333
