8 0.2662760416666667 0.4083333333333333 0.029947916666666668 0.03125
6 0.8470052083333334 0.5598958333333334 0.09505208333333333 0.203125
8 0.2701822916666667 0.4125 0.024739583333333332 0.025
8 0.72265625 0.3307291666666667 0.22135416666666666 0.24479166666666666
8 0.7109375 0.33125 0.2578125 0.24791666666666667
4 0.3802083333333333 0.2859375 0.11979166666666667 0.08020833333333334
4 0.3684895833333333 0.2682291666666667 0.1171875 0.121875
5 0.8404947916666666 0.590625 0.22005208333333334 0.23958333333333334
13 0.357421875 0.2671875 0.10286458333333333 0.11770833333333333
8 0.2682291666666667 0.41354166666666664 0.03125 0.027083333333333334
8 0.20833333333333334 0.6046875 0.020833333333333332 0.019791666666666666
11 0.2805989583333333 0.26145833333333335 0.14192708333333334 0.12083333333333333
8 0.7109375 0.3416666666666667 0.2604166666666667 0.22916666666666666
11 0.6484375 0.24635416666666668 0.16145833333333334 0.121875
