9 0.45080091533180777 0.29936305732484075 0.10526315789473684 0.23779193205944799
9 0.30434782608695654 0.6778131634819533 0.2242562929061785 0.1475583864118896
7 0.30892448512585813 0.6889596602972399 0.2288329519450801 0.15711252653927812
3 0.5566361556064073 0.6353503184713376 0.38100686498855835 0.11995753715498939
9 0.2288329519450801 0.6709129511677282 0.2517162471395881 0.16772823779193205
3 0.5617848970251716 0.6438428874734607 0.3890160183066362 0.1475583864118896
0 0.5829519450800915 0.39490445859872614 0.14759725400457666 0.1592356687898089
9 0.4376430205949657 0.3046709129511677 0.11098398169336385 0.2611464968152866
9 0.4439359267734554 0.27335456475583864 0.07322654462242563 0.173036093418259
9 0.30892448512585813 0.6889596602972399 0.2288329519450801 0.15711252653927812
0 0.5663615560640732 0.4007430997876858 0.17391304347826086 0.1624203821656051
0 0.5812356979405034 0.38110403397027603 0.11670480549199085 0.13588110403397027
