9 0.2866568914956012 0.6752701080432173 0.2829912023460411 0.15486194477791115
11 0.3878299120234604 0.23709483793517408 0.09237536656891496 0.01800720288115246
3 0.6107038123167156 0.6008403361344538 0.4002932551319648 0.12364945978391356
0 0.5813782991202346 0.3835534213685474 0.10117302052785923 0.1092436974789916
3 0.6011730205278593 0.5960384153661464 0.41935483870967744 0.12845138055222088
9 0.29545454545454547 0.6620648259303722 0.20087976539589442 0.09483793517406963
0 0.593841642228739 0.36554621848739494 0.07624633431085044 0.06362545018007203
0 0.5777126099706745 0.37755102040816324 0.11730205278592376 0.09483793517406963
11 0.6671554252199413 0.23949579831932774 0.093841642228739 0.013205282112845138
3 0.6092375366568915 0.5972388955582233 0.4002932551319648 0.12364945978391356
13 0.2668621700879765 0.34633853541416565 0.06451612903225806 0.030012004801920768
