13 0.3712541620421754 0.29586935638808837 0.15427302996670367 0.1882804995196926
0 0.6209766925638179 0.3261287223823247 0.1320754716981132 0.14121037463976946
9 0.3029966703662597 0.7161383285302594 0.30410654827968925 0.17387127761767532
13 0.30077691453940064 0.654178674351585 0.03107658157602664 0.14793467819404418
13 0.3890122086570477 0.2478386167146974 0.15205327413984462 0.12487992315081652
11 0.09600443951165372 0.8266090297790586 0.06548279689234185 0.08165225744476465
11 0.10932297447280799 0.7987512007684918 0.03440621531631521 0.07780979827089338
10 0.09600443951165372 0.8266090297790586 0.06548279689234185 0.08165225744476465
11 0.3690344062153163 0.18059558117195004 0.2297447280799112 0.08261287223823247
11 0.3490566037735849 0.18059558117195004 0.24750277469478357 0.08261287223823247
13 0.4051054384017758 0.26993275696445723 0.10654827968923418 0.14985590778097982
13 0.2968923418423973 0.6536983669548511 0.03662597114317425 0.12968299711815562
0 0.6287458379578247 0.32949087415946204 0.1365149833518313 0.1575408261287224
0 0.6254162042175361 0.3222862632084534 0.1365149833518313 0.14121037463976946
11 0.3479467258601554 0.18203650336215177 0.2253052164261931 0.10086455331412104
11 0.6459489456159823 0.1935638808837656 0.09544950055493896 0.07204610951008646
