3 0.5927116827438371 0.620722433460076 0.37513397642015006 0.17680608365019013
11 0.8344051446945338 0.5 0.08896034297963558 0.41064638783269963
7 0.7663451232583065 0.564638783269962 0.12861736334405144 0.20912547528517111
10 0.2845659163987138 0.6692015209125475 0.2282958199356913 0.28517110266159695
10 0.2202572347266881 0.6173954372623575 0.1682743837084673 0.2652091254752852
5 0.3258306538049303 0.4629277566539924 0.2165058949624866 0.3935361216730038
10 0.8344051446945338 0.5 0.08896034297963558 0.41064638783269963
10 0.19721329046087888 0.6169201520912547 0.11146838156484459 0.2300380228136882
7 0.7684887459807074 0.5537072243346007 0.10718113612004287 0.20437262357414449
5 0.7331189710610932 0.40399239543726234 0.17792068595927116 0.2376425855513308
10 0.7942122186495176 0.5399239543726235 0.12004287245444802 0.532319391634981
10 0.8081457663451233 0.6107414448669202 0.1264737406216506 0.25190114068441066
