8 0.27564102564102566 0.34335038363171355 0.2720797720797721 0.24680306905370844
10 0.14814814814814814 0.5441176470588235 0.15384615384615385 0.2340153452685422
11 0.37037037037037035 0.1323529411764706 0.20512820512820512 0.06265984654731457
4 0.26353276353276356 0.32161125319693096 0.21367521367521367 0.24680306905370844
5 0.8226495726495726 0.4264705882352941 0.11253561253561253 0.10869565217391304
9 0.5028490028490028 0.2640664961636829 0.11396011396011396 0.2749360613810742
8 0.27849002849002846 0.34335038363171355 0.24074074074074073 0.2340153452685422
3 0.6004273504273504 0.6323529411764706 0.5968660968660968 0.3132992327365729
10 0.17094017094017094 0.5575447570332481 0.17094017094017094 0.19948849104859334
10 0.14957264957264957 0.5895140664961637 0.23076923076923078 0.19948849104859334
5 0.3710826210826211 0.19373401534526855 0.21794871794871795 0.2544757033248082
10 0.8725071225071225 0.7474424552429667 0.09829059829059829 0.15217391304347827
5 0.7478632478632479 0.29539641943734013 0.2934472934472934 0.340153452685422
