9 0.5189655172413793 0.35531496062992124 0.14597701149425288 0.33858267716535434
9 0.5 0.4281496062992126 0.14942528735632185 0.4881889763779528
11 0.2833333333333333 0.25049212598425197 0.11839080459770115 0.09153543307086615
11 0.7448275862068966 0.21309055118110237 0.1471264367816092 0.08759842519685039
11 0.6810344827586207 0.19143700787401574 0.1367816091954023 0.02066929133858268
13 0.3339080459770115 0.6023622047244095 0.08160919540229886 0.02952755905511811
3 0.5971264367816091 0.6584645669291339 0.44482758620689655 0.12598425196850394
0 0.6229885057471264 0.36368110236220474 0.10114942528735632 0.12696850393700787
11 0.3850574712643678 0.2106299212598425 0.09425287356321839 0.011811023622047244
0 0.6051724137931035 0.36811023622047245 0.14597701149425288 0.13582677165354332
3 0.6028735632183908 0.656496062992126 0.42873563218390803 0.12992125984251968
3 0.6005747126436781 0.6628937007874016 0.435632183908046 0.12303149606299213
0 0.6206896551724138 0.37401574803149606 0.11724137931034483 0.1594488188976378
