7 0.8053817271589487 0.39568345323741005 0.14643304130162704 0.24254881808838644
8 0.29599499374217775 0.38335046248715315 0.2665832290362954 0.34532374100719426
10 0.2002503128911139 0.4311408016443988 0.23028785982478098 0.35868448098663924
7 0.29599499374217775 0.38335046248715315 0.2665832290362954 0.34532374100719426
7 0.27972465581977474 0.40441932168550876 0.23153942428035043 0.2949640287769784
4 0.3360450563204005 0.31397738951695786 0.12891113892365458 0.1079136690647482
7 0.727784730913642 0.4198355601233299 0.3191489361702128 0.3114080164439877
7 0.7221526908635795 0.35765673175745116 0.31038798498122655 0.38437821171634123
4 0.727784730913642 0.4198355601233299 0.3191489361702128 0.3114080164439877
8 0.727784730913642 0.4198355601233299 0.3191489361702128 0.3114080164439877
4 0.302252816020025 0.45940390544707094 0.2190237797246558 0.15621788283658788
8 0.6652065081351689 0.33761562178828364 0.11639549436795996 0.12435765673175746
10 0.2409261576971214 0.4850976361767729 0.29161451814768463 0.36793422404933196
10 0.27972465581977474 0.4465570400822199 0.34167709637046306 0.4573484069886948
4 0.6583229036295369 0.34224049331963 0.13516896120150187 0.11921891058581706
7 0.3041301627033792 0.36382322713257964 0.27284105131414266 0.4028776978417266
4 0.29599499374217775 0.38335046248715315 0.2665832290362954 0.34532374100719426
