7 0.3789260385005066 0.2654784240150094 0.1337386018237082 0.18761726078799248
7 0.6048632218844985 0.3883677298311445 0.13171225937183384 0.20075046904315197
13 0.2983789260385005 0.29924953095684803 0.2198581560283688 0.17823639774859287
13 0.27811550151975684 0.28424015009380865 0.19756838905775076 0.2101313320825516
8 0.6165146909827761 0.3874296435272045 0.12259371833839919 0.17073170731707318
7 0.6236068895643364 0.3780487804878049 0.1651469098277609 0.21388367729831145
8 0.6236068895643364 0.3780487804878049 0.1651469098277609 0.21388367729831145
10 0.13019250253292808 0.8316135084427767 0.0800405268490375 0.08161350844277673
9 0.24366767983789261 0.33677298311444653 0.11854103343465046 0.11819887429643527
0 0.5612968591691996 0.3700750469043152 0.0790273556231003 0.11726078799249531
7 0.3971631205673759 0.6360225140712945 0.10739614994934144 0.23827392120075047
4 0.6236068895643364 0.3780487804878049 0.1651469098277609 0.21388367729831145
5 0.7669706180344478 0.4165103189493433 0.18642350557244175 0.14634146341463414
13 0.7720364741641338 0.29315196998123827 0.04660587639311044 0.04221388367729831
11 0.13019250253292808 0.8316135084427767 0.0800405268490375 0.08161350844277673
