13 0.7180989583333334 0.23958333333333334 0.13411458333333334 0.16666666666666666
13 0.4095052083333333 0.203125 0.14453125 0.09375
11 0.21614583333333334 0.6270833333333333 0.044270833333333336 0.06458333333333334
11 0.68359375 0.12760416666666666 0.1328125 0.023958333333333335
11 0.8307291666666666 0.5864583333333333 0.0625 0.035416666666666666
6 0.73046875 0.225 0.20052083333333334 0.18958333333333333
6 0.4095052083333333 0.203125 0.14453125 0.09375
3 0.6015625 0.49166666666666664 0.4114583333333333 0.18958333333333333
3 0.599609375 0.4979166666666667 0.4309895833333333 0.12291666666666666
6 0.3958333333333333 0.21302083333333333 0.20572916666666666 0.153125
6 0.423828125 0.2015625 0.15234375 0.13020833333333334
11 0.6868489583333334 0.12395833333333334 0.12890625 0.027083333333333334
3 0.5983072916666666 0.5317708333333333 0.41796875 0.10729166666666666
10 0.8307291666666666 0.5864583333333333 0.0625 0.035416666666666666
13 0.73046875 0.225 0.20052083333333334 0.18958333333333333
0 0.6204427083333334 0.24583333333333332 0.11067708333333333 0.12083333333333333
6 0.7161458333333334 0.22604166666666667 0.1875 0.19166666666666668
13 0.423828125 0.2015625 0.15234375 0.13020833333333334
