11 0.31097560975609756 0.11312217194570136 0.21544715447154472 0.06108597285067873
3 0.5643631436314364 0.6176470588235294 0.44850948509485095 0.1832579185520362
0 0.5521680216802168 0.29411764705882354 0.14227642276422764 0.11764705882352941
0 0.5487804878048781 0.29581447963800905 0.14092140921409213 0.12782805429864252
9 0.4464769647696477 0.4078054298642534 0.2046070460704607 0.6957013574660633
3 0.55420054200542 0.6515837104072398 0.44173441734417346 0.17420814479638008
11 0.6226287262872628 0.11764705882352941 0.11246612466124661 0.024886877828054297
5 0.17886178861788618 0.4813348416289593 0.3035230352303523 0.42194570135746606
0 0.5501355013550135 0.28846153846153844 0.13550135501355012 0.1085972850678733
5 0.714769647696477 0.505656108597285 0.22628726287262874 0.3778280542986425
3 0.5555555555555556 0.6357466063348416 0.45799457994579945 0.1515837104072398
