13 0.8541666666666666 0.6151041666666667 0.06770833333333333 0.06354166666666666
7 0.8359375 0.6130208333333333 0.11979166666666667 0.11145833333333334
13 0.3515625 0.31197916666666664 0.10677083333333333 0.14895833333333333
13 0.341796875 0.3125 0.13671875 0.13333333333333333
7 0.7369791666666666 0.2515625 0.052083333333333336 0.06354166666666666
3 0.5787760416666666 0.6015625 0.4049479166666667 0.115625
4 0.7369791666666666 0.2515625 0.052083333333333336 0.06354166666666666
6 0.734375 0.290625 0.19010416666666666 0.13541666666666666
13 0.337890625 0.3104166666666667 0.13411458333333334 0.14583333333333334
6 0.3515625 0.31197916666666664 0.10677083333333333 0.14895833333333333
6 0.8450520833333334 0.6213541666666667 0.078125 0.121875
7 0.8541666666666666 0.6151041666666667 0.06770833333333333 0.06354166666666666
13 0.720703125 0.31979166666666664 0.20442708333333334 0.16666666666666666
13 0.728515625 0.29791666666666666 0.19661458333333334 0.21875
13 0.734375 0.290625 0.19010416666666666 0.13541666666666666
