3 0.6103515625 0.4599609375 0.34375 0.1484375
9 0.65673828125 0.2998046875 0.0537109375 0.107421875
10 0.251953125 0.49951171875 0.04296875 0.1025390625
3 0.60498046875 0.4384765625 0.3408203125 0.1484375
11 0.251953125 0.49951171875 0.04296875 0.1025390625
10 0.8173828125 0.52001953125 0.04296875 0.0791015625
13 0.66162109375 0.19091796875 0.0927734375 0.0615234375
0 0.6005859375 0.21240234375 0.068359375 0.0693359375
7 0.65673828125 0.2998046875 0.0537109375 0.107421875
11 0.8173828125 0.52001953125 0.04296875 0.0791015625
3 0.6103515625 0.45947265625 0.349609375 0.0869140625
