13 0.28003003003003 0.24334600760456274 0.2627627627627628 0.08618504435994931
13 0.7424924924924925 0.24017743979721165 0.2987987987987988 0.26489226869455007
11 0.8986486486486487 0.7915082382762991 0.04054054054054054 0.09505703422053231
13 0.771021021021021 0.2921419518377693 0.24174174174174173 0.10519645120405577
13 0.7582582582582582 0.20595690747782003 0.25225225225225223 0.20659062103929024
11 0.3108108108108108 0.10202788339670468 0.10510510510510511 0.06463878326996197
11 0.3183183183183183 0.10583016476552598 0.13513513513513514 0.029150823827629912
13 0.2875375375375375 0.2509505703422053 0.25975975975975973 0.060836501901140684
11 0.6599099099099099 0.10266159695817491 0.19369369369369369 0.06590621039290241
13 0.28003003003003 0.1920152091254753 0.2897897897897898 0.16856780735107732
11 0.3048048048048048 0.12547528517110265 0.16516516516516516 0.08111533586818757
11 0.12237237237237238 0.8992395437262357 0.04054054054054054 0.05449936628643853
11 0.6876876876876877 0.0944233206590621 0.13213213213213212 0.051964512040557666
11 0.11636636636636637 0.894169835234474 0.03153153153153153 0.057034220532319393
10 0.11636636636636637 0.894169835234474 0.03153153153153153 0.057034220532319393
13 0.33783783783783783 0.18567807351077312 0.10810810810810811 0.11280101394169835
