8 0.3618421052631579 0.42533081285444235 0.021929824561403508 0.017013232514177693
9 0.7571271929824561 0.43194706994328924 0.20942982456140352 0.14555765595463138
8 0.2735745614035088 0.3742911153119093 0.029605263157894735 0.03213610586011342
11 0.3991228070175439 0.18005671077504726 0.12938596491228072 0.0330812854442344
8 0.7719298245614035 0.3832703213610586 0.03289473684210526 0.031190926275992438
8 0.2905701754385965 0.3610586011342155 0.015350877192982455 0.011342155009451797
8 0.7554824561403509 0.43052930056710775 0.03508771929824561 0.027410207939508508
8 0.21107456140350878 0.5704158790170132 0.01864035087719298 0.017958412098298678
13 0.7571271929824561 0.43194706994328924 0.20942982456140352 0.14555765595463138
8 0.8081140350877193 0.4929111531190926 0.02631578947368421 0.023629489603024575
3 0.5942982456140351 0.6611531190926276 0.46710526315789475 0.15595463137996218
8 0.24067982456140352 0.3983931947069943 0.023026315789473683 0.01606805293005671
13 0.7319078947368421 0.43950850661625707 0.14802631578947367 0.1342155009451796
13 0.7516447368421053 0.4560491493383743 0.27521929824561403 0.20132325141776938
0 0.5816885964912281 0.31947069943289225 0.13486842105263158 0.10964083175803403
13 0.3229166666666667 0.3790170132325142 0.20065789473684212 0.11909262759924386
8 0.3470394736842105 0.3983931947069943 0.029605263157894735 0.023629489603024575
8 0.3706140350877193 0.3846880907372401 0.021929824561403508 0.017013232514177693
8 0.3404605263157895 0.34782608695652173 0.01206140350877193 0.011342155009451797
9 0.3229166666666667 0.3790170132325142 0.20065789473684212 0.11909262759924386
3 0.5948464912280702 0.6724952741020794 0.47478070175438597 0.1219281663516068
8 0.2669956140350877 0.5945179584120983 0.01644736842105263 0.017013232514177693
8 0.3157894736842105 0.5033081285444234 0.015350877192982455 0.014177693761814745
6 0.32730263157894735 0.3813799621928166 0.1787280701754386 0.1389413988657845
8 0.7905701754385965 0.44328922495274103 0.03728070175438596 0.02835538752362949
3 0.5915570175438597 0.6639886578449905 0.4857456140350877 0.15595463137996218
8 0.20285087719298245 0.6427221172022685 0.010964912280701754 0.007561436672967864
6 0.7516447368421053 0.4560491493383743 0.27521929824561403 0.20132325141776938
9 0.24780701754385964 0.5959357277882797 0.18640350877192982 0.20132325141776938
8 0.2642543859649123 0.5378071833648393 0.015350877192982455 0.011342155009451797
8 0.2642543859649123 0.3827977315689981 0.015350877192982455 0.01890359168241966
7 0.22149122807017543 0.6129489603024575 0.16228070175438597 0.17107750472589792
0 0.5756578947368421 0.33128544423440454 0.14035087719298245 0.12381852551984877
8 0.32127192982456143 0.42627599243856334 0.015350877192982455 0.013232514177693762
6 0.22149122807017543 0.6129489603024575 0.16228070175438597 0.17107750472589792
7 0.24780701754385964 0.5959357277882797 0.18640350877192982 0.20132325141776938
13 0.32730263157894735 0.3813799621928166 0.1787280701754386 0.1389413988657845
8 0.18640350877192982 0.6479206049149339 0.015350877192982455 0.014177693761814745
11 0.6293859649122807 0.18478260869565216 0.09429824561403509 0.04253308128544423
8 0.7346491228070176 0.48062381852551983 0.017543859649122806 0.01606805293005671
0 0.5844298245614035 0.3388468809073724 0.12938596491228072 0.13516068052930058
8 0.32346491228070173 0.41493383742911155 0.015350877192982455 0.011342155009451797
