8 0.33853006681514475 0.4564814814814815 0.022271714922048998 0.018518518518518517
8 0.289532293986637 0.5953703703703703 0.0400890868596882 0.03148148148148148
8 0.22939866369710468 0.525 0.0378619153674833 0.03518518518518519
5 0.2700445434298441 0.4393518518518518 0.23719376391982183 0.2972222222222222
7 0.2700445434298441 0.4393518518518518 0.23719376391982183 0.2972222222222222
8 0.311804008908686 0.47824074074074074 0.0200445434298441 0.017592592592592594
8 0.23385300668151449 0.3837962962962963 0.022271714922048998 0.01574074074074074
8 0.8073496659242761 0.4888888888888889 0.035634743875278395 0.02962962962962963
0 0.5361915367483296 0.3527777777777778 0.20155902004454343 0.12777777777777777
8 0.3992204899777283 0.40185185185185185 0.02338530066815145 0.020370370370370372
11 0.0957683741648107 0.6842592592592592 0.06904231625835189 0.08333333333333333
8 0.34020044543429845 0.6101851851851852 0.030066815144766147 0.024074074074074074
8 0.26169265033407574 0.45 0.24721603563474387 0.3037037037037037
8 0.6659242761692651 0.6351851851851852 0.053452115812917596 0.03333333333333333
11 0.11358574610244988 0.6222222222222222 0.04899777282850779 0.07592592592592592
8 0.17037861915367483 0.4736111111111111 0.04899777282850779 0.05277777777777778
8 0.8257238307349666 0.38101851851851853 0.030066815144766147 0.021296296296296296
7 0.8201559020044543 0.4722222222222222 0.18151447661469933 0.2611111111111111
5 0.8201559020044543 0.4722222222222222 0.18151447661469933 0.2611111111111111
8 0.20211581291759464 0.3638888888888889 0.02338530066815145 0.024074074074074074
10 0.0957683741648107 0.6842592592592592 0.06904231625835189 0.08333333333333333
8 0.8240534521158129 0.42685185185185187 0.20044543429844097 0.21296296296296297
10 0.11358574610244988 0.6222222222222222 0.04899777282850779 0.07592592592592592
8 0.2633630289532294 0.5736111111111111 0.030066815144766147 0.028703703703703703
8 0.20935412026726058 0.6208333333333333 0.035634743875278395 0.025
8 0.19376391982182628 0.5541666666666667 0.0334075723830735 0.032407407407407406
10 0.1291759465478842 0.6425925925925926 0.10244988864142539 0.12222222222222222
7 0.16592427616926503 0.6282407407407408 0.133630289532294 0.0712962962962963
4 0.16425389755011136 0.6314814814814815 0.13474387527839643 0.09444444444444444
8 0.272271714922049 0.5217592592592593 0.036748329621380846 0.028703703703703703
8 0.23385300668151449 0.46064814814814814 0.024498886414253896 0.021296296296296296
8 0.2700445434298441 0.4393518518518518 0.23719376391982183 0.2972222222222222
8 0.7433184855233853 0.6541666666666667 0.036748329621380846 0.030555555555555555
8 0.8880846325167038 0.48194444444444445 0.036748329621380846 0.030555555555555555
7 0.16425389755011136 0.6314814814814815 0.13474387527839643 0.09444444444444444
