13 0.18718905472636815 0.2404115996258185 0.08830845771144279 0.0617399438727783
10 0.09825870646766169 0.883068288119738 0.06716417910447761 0.057998129092609915
11 0.09825870646766169 0.883068288119738 0.06716417910447761 0.057998129092609915
10 0.9067164179104478 0.853601496725912 0.04477611940298507 0.05519176800748363
11 0.09639303482587065 0.8854069223573433 0.043532338308457715 0.06828811973807297
11 0.9067164179104478 0.853601496725912 0.04477611940298507 0.05519176800748363
8 0.19402985074626866 0.23947614593077643 0.08208955223880597 0.0617399438727783
13 0.19402985074626866 0.23947614593077643 0.08208955223880597 0.0617399438727783
10 0.09639303482587065 0.8854069223573433 0.043532338308457715 0.06828811973807297
13 0.18781094527363185 0.2441534144059869 0.06467661691542288 0.05612722170252572
