11 0.10453400503778337 0.7158203125 0.055415617128463476 0.076171875
6 0.28211586901763225 0.39013671875 0.2141057934508816 0.4404296875
6 0.2777078085642317 0.5849609375 0.12468513853904283 0.109375
6 0.7682619647355163 0.3994140625 0.22418136020151133 0.478515625
10 0.10453400503778337 0.7158203125 0.055415617128463476 0.076171875
5 0.28211586901763225 0.39013671875 0.2141057934508816 0.4404296875
5 0.7292191435768262 0.2158203125 0.16624685138539042 0.15234375
5 0.3079345088161209 0.41943359375 0.26574307304785894 0.4248046875
5 0.7512594458438288 0.43798828125 0.23551637279596976 0.4658203125
5 0.7682619647355163 0.3994140625 0.22418136020151133 0.478515625
6 0.7978589420654912 0.529296875 0.13224181360201512 0.173828125
0 0.5906801007556675 0.267578125 0.08564231738035265 0.072265625
