2 0.6884765625 0.25341796875 0.0078125 0.0107421875
9 0.7353515625 0.294921875 0.013671875 0.017578125
8 0.7353515625 0.294921875 0.013671875 0.017578125
13 0.7568359375 0.3369140625 0.0390625 0.015625
3 0.5888671875 0.56103515625 0.318359375 0.1103515625
8 0.68798828125 0.2529296875 0.0126953125 0.013671875
0 0.58740234375 0.2626953125 0.0869140625 0.091796875
0 0.58203125 0.2783203125 0.0859375 0.123046875
13 0.7060546875 0.2509765625 0.134765625 0.1953125
2 0.73876953125 0.2958984375 0.0166015625 0.015625
2 0.65771484375 0.16845703125 0.0244140625 0.0224609375
9 0.68798828125 0.2529296875 0.0126953125 0.013671875
0 0.57666015625 0.27587890625 0.0908203125 0.1142578125
