3 0.4934895833333333 0.6729166666666667 0.4322916666666667 0.12708333333333333
4 0.2688802083333333 0.5609375 0.08984375 0.11979166666666667
8 0.2688802083333333 0.5609375 0.08984375 0.11979166666666667
13 0.18619791666666666 0.5604166666666667 0.1484375 0.09375
0 0.4752604166666667 0.378125 0.09635416666666667 0.08958333333333333
13 0.177734375 0.490625 0.13932291666666666 0.06458333333333334
7 0.22916666666666666 0.5432291666666667 0.171875 0.140625
11 0.22135416666666666 0.2630208333333333 0.13020833333333334 0.078125
13 0.19791666666666666 0.5604166666666667 0.17708333333333334 0.10833333333333334
7 0.177734375 0.5583333333333333 0.22786458333333334 0.19791666666666666
