0 0.5636261261261262 0.3099250936329588 0.11599099099099099 0.11235955056179775
13 0.7488738738738738 0.42930711610486894 0.12162162162162163 0.21629213483146068
11 0.893581081081081 0.8164794007490637 0.0686936936936937 0.10861423220973783
11 0.8828828828828829 0.7940074906367042 0.060810810810810814 0.04868913857677903
10 0.8828828828828829 0.7940074906367042 0.060810810810810814 0.04868913857677903
13 0.26407657657657657 0.2102059925093633 0.12725225225225226 0.08146067415730338
11 0.8930180180180181 0.7944756554307116 0.06306306306306306 0.05898876404494382
13 0.7561936936936937 0.41807116104868913 0.13175675675675674 0.19194756554307116
13 0.7393018018018018 0.4054307116104869 0.10472972972972973 0.13295880149812733
10 0.8930180180180181 0.7944756554307116 0.06306306306306306 0.05898876404494382
7 0.26407657657657657 0.2102059925093633 0.12725225225225226 0.08146067415730338
8 0.23423423423423423 0.7148876404494382 0.07657657657657657 0.04400749063670412
