8 0.697265625 0.5828125 0.053385416666666664 0.028125
7 0.18424479166666666 0.44583333333333336 0.029947916666666668 0.020833333333333332
13 0.6028645833333334 0.22864583333333333 0.057291666666666664 0.026041666666666668
11 0.111328125 0.8364583333333333 0.05078125 0.075
9 0.23828125 0.37552083333333336 0.203125 0.153125
7 0.6028645833333334 0.22864583333333333 0.057291666666666664 0.026041666666666668
10 0.7565104166666666 0.8994791666666667 0.046875 0.06145833333333333
11 0.259765625 0.7432291666666667 0.02734375 0.021875
11 0.173828125 0.7927083333333333 0.032552083333333336 0.020833333333333332
11 0.24674479166666666 0.21614583333333334 0.13411458333333334 0.06354166666666666
11 0.11653645833333333 0.8380208333333333 0.05078125 0.057291666666666664
13 0.23828125 0.37552083333333336 0.203125 0.153125
10 0.11653645833333333 0.8380208333333333 0.05078125 0.057291666666666664
11 0.2864583333333333 0.203125 0.14583333333333334 0.0625
11 0.7565104166666666 0.8994791666666667 0.046875 0.06145833333333333
