10 0.9244868035190615 0.695078031212485 0.06304985337243402 0.11284513805522209
11 0.2155425219941349 0.258703481392557 0.16715542521994134 0.10204081632653061
10 0.9244868035190615 0.7118847539015606 0.08064516129032258 0.09843937575030012
11 0.2280058651026393 0.23769507803121248 0.16862170087976538 0.10084033613445378
13 0.8409090909090909 0.6722689075630253 0.13343108504398826 0.060024009603841535
11 0.7609970674486803 0.21608643457382953 0.11730205278592376 0.06962785114045618
11 0.21920821114369501 0.24429771908763506 0.1627565982404692 0.11404561824729892
11 0.7587976539589443 0.22148859543817526 0.1158357771260997 0.06602641056422569
11 0.9244868035190615 0.695078031212485 0.06304985337243402 0.11284513805522209
7 0.9244868035190615 0.695078031212485 0.06304985337243402 0.11284513805522209
11 0.9244868035190615 0.7118847539015606 0.08064516129032258 0.09843937575030012
11 0.9244868035190615 0.6890756302521008 0.08651026392961877 0.11524609843937575
