4 0.21809895833333334 0.5541666666666667 0.12109375 0.09583333333333334
10 0.18619791666666666 0.7640625 0.109375 0.11979166666666667
6 0.25 0.5260416666666666 0.1953125 0.35833333333333334
4 0.3385416666666667 0.35625 0.17708333333333334 0.2125
3 0.5299479166666666 0.6708333333333333 0.421875 0.15208333333333332
7 0.2897135416666667 0.625 0.2799479166666667 0.24791666666666667
7 0.3385416666666667 0.35625 0.17708333333333334 0.2125
1 0.3346354166666667 0.3765625 0.18489583333333334 0.19270833333333334
6 0.2610677083333333 0.5666666666666667 0.24348958333333334 0.19375
1 0.3580729166666667 0.36666666666666664 0.18229166666666666 0.21458333333333332
10 0.2552083333333333 0.7395833333333334 0.23958333333333334 0.15
7 0.2610677083333333 0.5666666666666667 0.24348958333333334 0.19375
7 0.25 0.5260416666666666 0.1953125 0.35833333333333334
4 0.3346354166666667 0.3765625 0.18489583333333334 0.19270833333333334
