8 0.25426829268292683 0.2580496780128795 0.00853658536585366 0.010119595216191352
0 0.5451219512195122 0.3049678012879485 0.12682926829268293 0.09659613615455381
11 0.2426829268292683 0.16513339466421342 0.046341463414634146 0.046918123275068994
8 0.20121951219512196 0.22447102115915363 0.01707317073170732 0.011039558417663294
8 0.20609756097560974 0.21987120515179392 0.02926829268292683 0.02207911683532659
7 0.14878048780487804 0.6366145354185833 0.06585365853658537 0.04783808647654094
13 0.21341463414634146 0.5096596136154554 0.046341463414634146 0.03863845446182153
3 0.5310975609756098 0.703311867525299 0.4426829268292683 0.13523459061637536
0 0.5481707317073171 0.2911683532658694 0.1329268292682927 0.08923643054277829
13 0.1420731707317073 0.6297148114075437 0.06951219512195123 0.03771849126034959
11 0.2030487804878049 0.16513339466421342 0.11829268292682926 0.09475620975160993
8 0.2530487804878049 0.25712971481140756 0.015853658536585366 0.011959521619135235
8 0.29329268292682925 0.26356945722171116 0.025609756097560974 0.021159153633854646
13 0.2554878048780488 0.21481140754369826 0.12073170731707317 0.11131554737810488
13 0.1469512195121951 0.6269549218031278 0.0475609756097561 0.02667893284268629
8 0.29634146341463413 0.2626494940202392 0.01707317073170732 0.013799448022079117
8 0.21280487804878048 0.21067157313707452 0.01097560975609756 0.00919963201471941
