7 0.2754532775453278 0.5498670212765957 0.12412831241283125 0.09707446808510638
7 0.41841004184100417 0.4773936170212766 0.12552301255230125 0.2898936170212766
11 0.41422594142259417 0.21875 0.08647140864714087 0.03856382978723404
8 0.3068340306834031 0.5392287234042553 0.061366806136680614 0.06515957446808511
0 0.6192468619246861 0.363031914893617 0.11157601115760112 0.12234042553191489
3 0.5606694560669456 0.5857712765957447 0.39330543933054396 0.15824468085106383
11 0.6324965132496513 0.2293882978723404 0.08507670850767085 0.03590425531914894
9 0.25383542538354253 0.6402925531914894 0.13110181311018132 0.07579787234042554
3 0.5620641562064156 0.5964095744680851 0.3821478382147838 0.13696808510638298
0 0.6192468619246861 0.3723404255319149 0.12273361227336123 0.1276595744680851
0 0.602510460251046 0.3683510638297872 0.1394700139470014 0.1276595744680851
