10 0.109375 0.9008152173913043 0.08258928571428571 0.07880434782608696
11 0.09542410714285714 0.8960597826086957 0.027901785714285716 0.08288043478260869
0 0.4525669642857143 0.375679347826087 0.11495535714285714 0.16983695652173914
10 0.09542410714285714 0.8960597826086957 0.027901785714285716 0.08288043478260869
11 0.26841517857142855 0.18953804347826086 0.07254464285714286 0.058423913043478264
3 0.43359375 0.7595108695652174 0.4609375 0.23369565217391305
7 0.5485491071428571 0.266304347826087 0.23325892857142858 0.21739130434782608
3 0.43582589285714285 0.7214673913043478 0.46316964285714285 0.2554347826086957
11 0.7360491071428571 0.9592391304347826 0.016741071428571428 0.051630434782608696
10 0.7360491071428571 0.9592391304347826 0.016741071428571428 0.051630434782608696
11 0.5485491071428571 0.266304347826087 0.23325892857142858 0.21739130434782608
13 0.13727678571428573 0.8104619565217391 0.03571428571428571 0.07201086956521739
13 0.17131696428571427 0.595108695652174 0.14174107142857142 0.11141304347826086
10 0.10379464285714286 0.8967391304347826 0.06696428571428571 0.11141304347826086
3 0.43582589285714285 0.7472826086956522 0.46986607142857145 0.23097826086956522
11 0.10379464285714286 0.8967391304347826 0.06696428571428571 0.11141304347826086
13 0.17410714285714285 0.5740489130434783 0.14508928571428573 0.17255434782608695
