11 0.11143695014662756 0.6938775510204082 0.02932551319648094 0.06482593037214886
11 0.2785923753665689 0.1326530612244898 0.07917888563049853 0.03241296518607443
13 0.23020527859237536 0.23949579831932774 0.17888563049853373 0.1212484993997599
13 0.23313782991202345 0.2995198079231693 0.12903225806451613 0.10444177671068428
10 0.11143695014662756 0.6938775510204082 0.02932551319648094 0.06482593037214886
11 0.11290322580645161 0.6866746698679472 0.0469208211143695 0.04561824729891957
11 0.28152492668621704 0.1326530612244898 0.07624633431085044 0.03961584633853541
6 0.23020527859237536 0.23949579831932774 0.17888563049853373 0.1212484993997599
11 0.6312316715542522 0.1290516206482593 0.13343108504398826 0.022809123649459785
10 0.11290322580645161 0.6866746698679472 0.0469208211143695 0.04561824729891957
13 0.24486803519061584 0.2923169267707083 0.14076246334310852 0.14765906362545017
11 0.3387096774193548 0.1326530612244898 0.16129032258064516 0.030012004801920768
