13 0.8094725511302476 0.4158215010141988 0.10333692142088267 0.032454361054766734
11 0.3627556512378902 0.18356997971602435 0.11194833153928956 0.036511156186612576
11 0.7039827771797632 0.1830628803245436 0.11410118406889128 0.04158215010141988
13 0.8423035522066739 0.4244421906693712 0.06996770721205597 0.015212981744421906
13 0.767491926803014 0.3225152129817444 0.20882669537136705 0.24543610547667344
11 0.7335844994617868 0.289553752535497 0.13885898815931108 0.12677484787018256
0 0.6033369214208827 0.35294117647058826 0.1216361679224973 0.11359026369168357
2 0.7831001076426265 0.41227180527383367 0.04843918191603875 0.06592292089249494
2 0.7335844994617868 0.289553752535497 0.13885898815931108 0.12677484787018256
2 0.7351991388589881 0.281947261663286 0.10979547900968784 0.1440162271805274
