11 0.8346354166666666 0.43645833333333334 0.23958333333333334 0.5854166666666667
2 0.83203125 0.3609375 0.16666666666666666 0.33229166666666665
11 0.8736979166666666 0.69375 0.16927083333333334 0.2
7 0.8619791666666666 0.6692708333333334 0.1875 0.184375
11 0.740234375 0.20052083333333334 0.2747395833333333 0.13854166666666667
10 0.8619791666666666 0.6692708333333334 0.1875 0.184375
11 0.841796875 0.3953125 0.08463541666666667 0.2635416666666667
2 0.8463541666666666 0.446875 0.041666666666666664 0.07083333333333333
11 0.427734375 0.14166666666666666 0.11067708333333333 0.0375
11 0.83203125 0.3609375 0.16666666666666666 0.33229166666666665
10 0.8736979166666666 0.69375 0.16927083333333334 0.2
