1 0.8301886792452831 0.6229885057471264 0.12075471698113208 0.05747126436781609
0 0.620125786163522 0.28735632183908044 0.1761006289308176 0.1471264367816092
9 0.48427672955974843 0.42701149425287355 0.04025157232704402 0.03333333333333333
9 0.7226415094339622 0.48908045977011494 0.31572327044025156 0.9758620689655172
7 0.34150943396226413 0.6442528735632184 0.20251572327044026 0.23793103448275862
9 0.13522012578616352 0.6672413793103448 0.26540880503144654 0.435632183908046
7 0.2981132075471698 0.6298850574712643 0.10062893081761007 0.07586206896551724
3 0.6283018867924528 0.6511494252873563 0.5270440251572327 0.332183908045977
9 0.6421383647798742 0.5224137931034483 0.08427672955974842 0.21264367816091953
9 0.6610062893081761 0.6063218390804598 0.04654088050314465 0.040229885057471264
8 0.10377358490566038 0.7373563218390805 0.031446540880503145 0.02413793103448276
9 0.6471698113207547 0.44655172413793104 0.05408805031446541 0.06321839080459771
9 0.17358490566037735 0.5637931034482758 0.1710691823899371 0.2770114942528736
10 0.8440251572327044 0.6114942528735632 0.23647798742138365 0.25057471264367814
10 0.8402515723270441 0.646551724137931 0.20125786163522014 0.19425287356321838
