13 0.2842789598108747 0.47900390625 0.1524822695035461 0.0556640625
0 0.574468085106383 0.318359375 0.1536643026004728 0.103515625
13 0.2872340425531915 0.48193359375 0.18912529550827423 0.0654296875
3 0.5904255319148937 0.49462890625 0.42671394799054374 0.1064453125
3 0.5862884160756501 0.50146484375 0.3971631205673759 0.0908203125
13 0.25236406619385343 0.49755859375 0.11938534278959811 0.0517578125
3 0.5803782505910166 0.4921875 0.3806146572104019 0.1015625
11 0.3102836879432624 0.2080078125 0.09574468085106383 0.01953125
11 0.3392434988179669 0.2060546875 0.16312056737588654 0.025390625
0 0.5791962174940898 0.32568359375 0.1702127659574468 0.1376953125
11 0.6737588652482269 0.201171875 0.1276595744680851 0.02734375
0 0.5851063829787234 0.3330078125 0.15602836879432624 0.111328125
