7 0.33869346733668343 0.14603174603174604 0.12864321608040202 0.14179894179894179
11 0.6462311557788945 0.09365079365079365 0.20100502512562815 0.0582010582010582
11 0.32914572864321606 0.11005291005291006 0.2 0.06772486772486773
11 0.6678391959798995 0.1111111111111111 0.21809045226130652 0.07195767195767196
13 0.33869346733668343 0.14603174603174604 0.12864321608040202 0.14179894179894179
7 0.6261306532663317 0.15396825396825398 0.1527638190954774 0.18095238095238095
13 0.6261306532663317 0.15396825396825398 0.1527638190954774 0.18095238095238095
13 0.6422110552763819 0.18042328042328043 0.07236180904522613 0.18095238095238095
13 0.6321608040201006 0.19470899470899472 0.14472361809045226 0.17777777777777778
11 0.33618090452261307 0.10105820105820106 0.19396984924623115 0.06243386243386243
13 0.3512562814070352 0.18835978835978837 0.08743718592964825 0.1544973544973545
13 0.342713567839196 0.2105820105820106 0.1748743718592965 0.16507936507936508
