10 0.7751641137855579 0.5927783350050151 0.20678336980306344 0.2547642928786359
11 0.7423413566739606 0.16198595787362086 0.0886214442013129 0.05917753259779338
10 0.09190371991247265 0.679037111334002 0.028446389496717725 0.04613841524573721
6 0.2833698030634573 0.42326980942828485 0.2538293216630197 0.4012036108324975
7 0.7669584245076586 0.5361083249749248 0.15536105032822758 0.06118355065195587
6 0.7653172866520788 0.4292878635907723 0.18490153172866522 0.2246740220661986
10 0.7773522975929978 0.5386158475426279 0.23522975929978118 0.238716148445336
11 0.09190371991247265 0.679037111334002 0.028446389496717725 0.04613841524573721
7 0.7675054704595186 0.506519558676028 0.16301969365426697 0.10030090270812438
6 0.7675054704595186 0.506519558676028 0.16301969365426697 0.10030090270812438
6 0.24781181619256018 0.44684052156469406 0.19584245076586435 0.35606820461384153
13 0.7532822757111597 0.3575727181544634 0.1652078774617068 0.19358074222668004
0 0.5202407002188184 0.3736208625877633 0.25054704595185995 0.11133400200601805
6 0.7532822757111597 0.3575727181544634 0.1652078774617068 0.19358074222668004
9 0.7532822757111597 0.3575727181544634 0.1652078774617068 0.19358074222668004
0 0.6083150984682714 0.39518555667001004 0.12472647702407003 0.1444332998996991
9 0.3309628008752735 0.4744232698094283 0.09518599562363239 0.15646940822467403
10 0.7751641137855579 0.5847542627883651 0.2461706783369803 0.18856569709127383
9 0.24781181619256018 0.44684052156469406 0.19584245076586435 0.35606820461384153
7 0.34080962800875275 0.47342026078234706 0.1301969365426696 0.1905717151454363
