13 0.2819010416666667 0.20677083333333332 0.08203125 0.10104166666666667
13 0.7389322916666666 0.45677083333333335 0.06901041666666667 0.030208333333333334
1 0.326171875 0.31875 0.10546875 0.2375
13 0.2936197916666667 0.19375 0.09765625 0.07916666666666666
10 0.7630208333333334 0.46979166666666666 0.07291666666666667 0.09583333333333334
4 0.326171875 0.31875 0.10546875 0.2375
9 0.3287760416666667 0.321875 0.09505208333333333 0.16666666666666666
13 0.2747395833333333 0.17708333333333334 0.09635416666666667 0.05625
3 0.4720052083333333 0.4635416666666667 0.4075520833333333 0.08125
11 0.7506510416666666 0.46927083333333336 0.08723958333333333 0.078125
10 0.7506510416666666 0.46927083333333336 0.08723958333333333 0.078125
0 0.5299479166666666 0.25677083333333334 0.08854166666666667 0.096875
13 0.7467447916666666 0.46041666666666664 0.053385416666666664 0.020833333333333332
0 0.51171875 0.2546875 0.1171875 0.08854166666666667
0 0.5208333333333334 0.2640625 0.109375 0.115625
7 0.3404947916666667 0.2734375 0.11067708333333333 0.16354166666666667
3 0.474609375 0.46822916666666664 0.3997395833333333 0.065625
11 0.7630208333333334 0.46979166666666666 0.07291666666666667 0.09583333333333334
