8 0.7600200400801603 0.583029197080292 0.025050100200400802 0.03102189781021898
8 0.14428857715430862 0.739507299270073 0.03006012024048096 0.024635036496350366
8 0.16683366733466934 0.5921532846715328 0.021042084168336674 0.01824817518248175
8 0.1538076152304609 0.6678832116788321 0.021042084168336674 0.025547445255474453
11 0.12975951903807614 0.8188868613138686 0.0531062124248497 0.07208029197080291
8 0.7610220440881763 0.2892335766423358 0.033066132264529056 0.021897810218978103
13 0.6753507014028056 0.3677007299270073 0.06412825651302605 0.08029197080291971
8 0.24899799599198397 0.697992700729927 0.021042084168336674 0.023722627737226276
9 0.7950901803607214 0.5392335766423357 0.1312625250501002 0.395985401459854
8 0.5906813627254509 0.3375912408759124 0.12324649298597194 0.23175182481751824
8 0.21442885771543085 0.6656021897810219 0.19839679358717435 0.2071167883211679
8 0.8181362725450901 0.583941605839416 0.027054108216432865 0.021897810218978103
9 0.21442885771543085 0.6656021897810219 0.19839679358717435 0.2071167883211679
8 0.7605210420841684 0.583029197080292 0.02404809619238477 0.02737226277372263
8 0.2279559118236473 0.5168795620437956 0.22344689378757515 0.6012773722627737
11 0.8466933867735471 0.8261861313868614 0.04208416833667335 0.053832116788321165
8 0.2029058116232465 0.5351277372262774 0.02905811623246493 0.020985401459854013
8 0.15781563126252504 0.6715328467153284 0.021042084168336674 0.023722627737226276
8 0.2249498997995992 0.4233576642335766 0.01503006012024048 0.014598540145985401
8 0.14278557114228457 0.7317518248175182 0.025050100200400802 0.020072992700729927
8 0.8336673346693386 0.7084854014598541 0.02004008016032064 0.020985401459854013
10 0.8466933867735471 0.8261861313868614 0.04208416833667335 0.053832116788321165
10 0.12975951903807614 0.8188868613138686 0.0531062124248497 0.07208029197080291
8 0.8346693386773547 0.7093978102189781 0.018036072144288578 0.020985401459854013
8 0.814629258517034 0.5684306569343066 0.018036072144288578 0.01824817518248175
8 0.7464929859719439 0.5041058394160584 0.014028056112224449 0.017335766423357664
8 0.7875751503006012 0.5716240875912408 0.19839679358717435 0.5848540145985401
13 0.655310621242485 0.3927919708029197 0.08617234468937876 0.09580291970802919
8 0.7950901803607214 0.5392335766423357 0.1312625250501002 0.395985401459854
8 0.1938877755511022 0.7723540145985401 0.027054108216432865 0.024635036496350366
8 0.7434869739478958 0.5041058394160584 0.02004008016032064 0.02645985401459854
