13 0.6346960167714885 0.22635135135135134 0.1331236897274633 0.05308880308880309
0 0.5571278825995807 0.3856177606177606 0.12054507337526206 0.12258687258687259
7 0.7683438155136268 0.3503861003861004 0.0649895178197065 0.05791505791505792
3 0.5875262054507338 0.7075289575289575 0.4077568134171908 0.21235521235521235
3 0.5849056603773585 0.7224903474903475 0.40461215932914046 0.20173745173745175
11 0.7306079664570231 0.22393822393822393 0.11320754716981132 0.09073359073359073
0 0.5618448637316562 0.38368725868725867 0.12368972746331237 0.10521235521235521
11 0.6614255765199162 0.21814671814671815 0.22641509433962265 0.07142857142857142
13 0.2861635220125786 0.32722007722007723 0.23689727463312368 0.1833976833976834
11 0.6535639412997903 0.2311776061776062 0.23375262054507337 0.1303088803088803
13 0.2914046121593291 0.45656370656370654 0.24947589098532494 0.49613899613899615
11 0.3448637316561845 0.20270270270270271 0.18658280922431866 0.05791505791505792
0 0.5639412997903563 0.3952702702702703 0.1090146750524109 0.12451737451737452
7 0.7631027253668763 0.3499034749034749 0.06918238993710692 0.05694980694980695
11 0.3338574423480084 0.21283783783783783 0.2169811320754717 0.07239382239382239
13 0.269916142557652 0.4893822393822394 0.16247379454926625 0.02895752895752896
13 0.19654088050314467 0.4469111969111969 0.040880503144654086 0.02702702702702703
11 0.33752620545073375 0.1969111969111969 0.14046121593291405 0.04054054054054054
13 0.24737945492662475 0.37113899613899615 0.05870020964360587 0.033783783783783786
7 0.2914046121593291 0.45656370656370654 0.24947589098532494 0.49613899613899615
3 0.5875262054507338 0.707046332046332 0.4056603773584906 0.19401544401544402
