10 0.06202723146747353 0.835171568627451 0.03328290468986384 0.04044117647058824
11 0.8706505295007564 0.8075980392156863 0.04084720121028744 0.049019607843137254
11 0.3124054462934947 0.16482843137254902 0.15582450832072617 0.07230392156862746
11 0.33434190620272314 0.14338235294117646 0.1875945537065053 0.0392156862745098
9 0.8335854765506808 0.7279411764705882 0.10287443267776097 0.14215686274509803
10 0.8706505295007564 0.8075980392156863 0.04084720121028744 0.049019607843137254
11 0.6913767019667171 0.12316176470588236 0.11800302571860817 0.03799019607843137
13 0.11270801815431165 0.6004901960784313 0.03479576399394856 0.12745098039215685
6 0.8396369137670197 0.7438725490196079 0.10892586989409984 0.15441176470588236
11 0.06202723146747353 0.835171568627451 0.03328290468986384 0.04044117647058824
13 0.8335854765506808 0.7279411764705882 0.10287443267776097 0.14215686274509803
13 0.16187594553706505 0.6421568627450981 0.19364599092284418 0.22058823529411764
13 0.23600605143721634 0.6207107843137255 0.30559757942511345 0.16299019607843138
7 0.8207261724659607 0.7634803921568627 0.12859304084720122 0.1568627450980392
13 0.32526475037821484 0.18933823529411764 0.11195158850226929 0.09436274509803921
13 0.3010590015128593 0.6280637254901961 0.17246596066565809 0.07230392156862746
0 0.5582450832072617 0.35049019607843135 0.14523449319213314 0.11764705882352941
0 0.5763993948562783 0.36825980392156865 0.11800302571860817 0.12867647058823528
