10 0.9093533487297921 0.8890845070422535 0.03117782909930716 0.04929577464788732
12 0.24307159353348728 0.22711267605633803 0.30138568129330257 0.18838028169014084
8 0.22113163972286373 0.7460387323943662 0.20207852193995382 0.11355633802816902
12 0.12528868360277137 0.7033450704225352 0.13279445727482678 0.3503521126760563
10 0.1766743648960739 0.8846830985915493 0.23325635103926096 0.07922535211267606
12 0.23210161662817552 0.49119718309859156 0.3418013856812933 0.7147887323943662
7 0.23210161662817552 0.7676056338028169 0.21016166281755197 0.17253521126760563
12 0.0918013856812933 0.6817781690140845 0.09122401847575058 0.36883802816901406
11 0.07505773672055427 0.8591549295774648 0.025404157043879907 0.03873239436619718
10 0.07505773672055427 0.8591549295774648 0.025404157043879907 0.03873239436619718
11 0.9093533487297921 0.8890845070422535 0.03117782909930716 0.04929577464788732
