13 0.30851063829787234 0.24336734693877551 0.20492721164613661 0.17244897959183675
13 0.7211646136618141 0.19183673469387755 0.10750279955207166 0.0653061224489796
9 0.7211646136618141 0.19183673469387755 0.10750279955207166 0.0653061224489796
13 0.22172452407614782 0.2938775510204082 0.04927211646136618 0.06938775510204082
13 0.3482642777155655 0.21785714285714286 0.1702127659574468 0.10306122448979592
6 0.3141097424412094 0.2173469387755102 0.187010078387458 0.11428571428571428
8 0.23124300111982082 0.3137755102040816 0.02127659574468085 0.0336734693877551
13 0.23124300111982082 0.3137755102040816 0.02127659574468085 0.0336734693877551
0 0.5834266517357223 0.3352040816326531 0.10750279955207166 0.10918367346938776
7 0.3141097424412094 0.2173469387755102 0.187010078387458 0.11428571428571428
