7 0.3172554347826087 0.43917410714285715 0.18070652173913043 0.23549107142857142
1 0.3328804347826087 0.35267857142857145 0.14402173913043478 0.07366071428571429
2 0.20176630434782608 0.7533482142857143 0.020380434782608696 0.013392857142857142
13 0.2703804347826087 0.6177455357142857 0.09510869565217392 0.10602678571428571
13 0.735733695652174 0.6216517857142857 0.014945652173913044 0.006696428571428571
8 0.2601902173913043 0.5987723214285714 0.020380434782608696 0.027901785714285716
1 0.3029891304347826 0.44698660714285715 0.17119565217391305 0.24441964285714285
0 0.47282608695652173 0.4419642857142857 0.1358695652173913 0.13169642857142858
11 0.3172554347826087 0.43917410714285715 0.18070652173913043 0.23549107142857142
13 0.6671195652173914 0.37667410714285715 0.019021739130434784 0.021205357142857144
13 0.610733695652174 0.5652901785714286 0.04483695652173913 0.05022321428571429
8 0.610733695652174 0.5652901785714286 0.04483695652173913 0.05022321428571429
13 0.6161684782608695 0.43861607142857145 0.09103260869565218 0.0625
13 0.6120923913043478 0.4291294642857143 0.11820652173913043 0.11495535714285714
8 0.2595108695652174 0.734375 0.008152173913043478 0.006696428571428571
1 0.3498641304347826 0.5658482142857143 0.13722826086956522 0.484375
7 0.3328804347826087 0.35267857142857145 0.14402173913043478 0.07366071428571429
13 0.5930706521739131 0.4419642857142857 0.13722826086956522 0.06473214285714286
8 0.23301630434782608 0.6361607142857143 0.025815217391304348 0.017857142857142856
8 0.20176630434782608 0.7533482142857143 0.020380434782608696 0.013392857142857142
7 0.2703804347826087 0.6177455357142857 0.09510869565217392 0.10602678571428571
