9 0.2185792349726776 0.5208540218470705 0.4174863387978142 0.6802383316782522
9 0.5442622950819672 0.11966236345580933 0.839344262295082 0.07447864945382324
7 0.2972677595628415 0.43098311817279045 0.31256830601092894 0.4885799404170804
3 0.5775956284153005 0.634558093346574 0.4207650273224044 0.16484607745779542
0 0.6043715846994535 0.33068520357497516 0.13333333333333333 0.17477656405163852
7 0.28087431693989073 0.45878848063555117 0.36065573770491804 0.5283018867924528
9 0.3087431693989071 0.0858987090367428 0.24153005464480876 0.1420059582919563
3 0.5737704918032787 0.6171797418073486 0.4371584699453552 0.18768619662363456
3 0.5765027322404371 0.6405163853028798 0.4207650273224044 0.2005958291956306
9 0.28688524590163933 0.09285004965243297 0.21311475409836064 0.1221449851042701
0 0.6010928961748634 0.31529294935451835 0.13114754098360656 0.1400198609731877
9 0.20601092896174864 0.5119165839126117 0.35300546448087433 0.29096325719960275
9 0.7366120218579235 0.08540218470705065 0.19672131147540983 0.11916583912611718
9 0.6147540983606558 0.3028798411122145 0.10601092896174863 0.10923535253227408
9 0.05245901639344262 0.6598808341608738 0.09617486338797815 0.37040714995034757
9 0.04262295081967213 0.6191658391261172 0.07431693989071038 0.5412115193644489
7 0.2912568306010929 0.43892750744786496 0.28743169398907104 0.4468718967229394
9 0.7557377049180328 0.10427010923535253 0.15846994535519127 0.0913604766633565
