7 0.8427536231884057 0.6411290322580645 0.11739130434782609 0.17473118279569894
13 0.7753623188405797 0.540994623655914 0.0782608695652174 0.11155913978494623
6 0.7572463768115942 0.6599462365591398 0.1956521739130435 0.1532258064516129
4 0.7572463768115942 0.6599462365591398 0.1956521739130435 0.1532258064516129
13 0.7630434782608696 0.5288978494623656 0.06521739130434782 0.11693548387096774
10 0.7557971014492754 0.6774193548387096 0.2826086956521739 0.29301075268817206
9 0.7731884057971015 0.6673387096774194 0.23623188405797102 0.17876344086021506
13 0.7804347826086957 0.519489247311828 0.08260869565217391 0.1303763440860215
9 0.5942028985507246 0.6525537634408602 0.1536231884057971 0.22983870967741934
3 0.5782608695652174 0.6801075268817204 0.3884057971014493 0.23118279569892472
7 0.7572463768115942 0.6599462365591398 0.1956521739130435 0.1532258064516129
