5 0.284877529286475 0.44028436018957345 0.2779552715654952 0.4881516587677725
6 0.284877529286475 0.44028436018957345 0.2779552715654952 0.4881516587677725
5 0.7342917997870074 0.4492890995260663 0.30138445154419596 0.5270142180094787
0 0.5633652822151225 0.34786729857819904 0.0979765708200213 0.13838862559241707
6 0.7209797657082002 0.45308056872037916 0.2577209797657082 0.5421800947867299
6 0.288604898828541 0.44976303317535543 0.2790202342917998 0.5317535545023697
5 0.2928647497337593 0.414218009478673 0.29605963791267303 0.5080568720379147
5 0.6986155484558041 0.39478672985781993 0.3152289669861555 0.4597156398104265
5 0.288604898828541 0.44976303317535543 0.2790202342917998 0.5317535545023697
5 0.7209797657082002 0.45308056872037916 0.2577209797657082 0.5421800947867299
6 0.2928647497337593 0.414218009478673 0.29605963791267303 0.5080568720379147
6 0.7342917997870074 0.4492890995260663 0.30138445154419596 0.5270142180094787
6 0.6986155484558041 0.39478672985781993 0.3152289669861555 0.4597156398104265
