8 0.24307692307692308 0.6058168316831684 0.052307692307692305 0.04579207920792079
11 0.953076923076923 0.8551980198019802 0.02923076923076923 0.05198019801980198
10 0.11538461538461539 0.8521039603960396 0.09538461538461539 0.07301980198019802
11 0.11538461538461539 0.8521039603960396 0.09538461538461539 0.07301980198019802
3 0.6461538461538462 0.7011138613861386 0.5415384615384615 0.19925742574257427
10 0.11384615384615385 0.8397277227722773 0.08615384615384615 0.08044554455445545
11 0.943076923076923 0.8298267326732673 0.06769230769230769 0.08044554455445545
10 0.943076923076923 0.8298267326732673 0.06769230769230769 0.08044554455445545
11 0.1076923076923077 0.8465346534653465 0.036923076923076927 0.034653465346534656
3 0.65 0.692450495049505 0.54 0.24133663366336633
8 0.2376923076923077 0.6027227722772277 0.04153846153846154 0.04207920792079208
3 0.6484615384615384 0.7023514851485149 0.54 0.1943069306930693
9 0.71 0.4282178217821782 0.13384615384615384 0.13366336633663367
11 0.11384615384615385 0.8397277227722773 0.08615384615384615 0.08044554455445545
