11 0.3755274261603376 0.21651090342679127 0.21940928270042195 0.08411214953271028
9 0.8407172995780591 0.5721703011422637 0.029535864978902954 0.04361370716510903
5 0.26476793248945146 0.6516095534787124 0.15822784810126583 0.21287642782969884
13 0.38554852320675104 0.29543094496365524 0.09599156118143459 0.12357217030114226
0 0.609704641350211 0.3312564901349948 0.0949367088607595 0.1059190031152648
0 0.6075949367088608 0.36500519210799587 0.12447257383966245 0.1671858774662513
9 0.8428270042194093 0.5747663551401869 0.027426160337552744 0.0446521287642783
5 0.2468354430379747 0.6568016614745587 0.10970464135021098 0.18795430944963656
11 0.36656118143459915 0.21651090342679127 0.19725738396624473 0.07372793354101766
1 0.3755274261603376 0.21651090342679127 0.21940928270042195 0.08411214953271028
13 0.31645569620253167 0.7097611630321911 0.010548523206751054 0.07165109034267912
1 0.3581223628691983 0.2185877466251298 0.18037974683544303 0.06749740394600208
13 0.38449367088607594 0.29854620976116303 0.14662447257383968 0.14434060228452752
9 0.8407172995780591 0.5747663551401869 0.029535864978902954 0.04257528556593977
13 0.3924050632911392 0.3094496365524403 0.08860759493670886 0.1059190031152648
0 0.6028481012658228 0.35046728971962615 0.12341772151898735 0.14641744548286603
