8 0.16927083333333334 0.31666666666666665 0.010416666666666666 0.010416666666666666
0 0.515625 0.3640625 0.09895833333333333 0.08020833333333334
8 0.16796875 0.5390625 0.020833333333333332 0.009375
8 0.16861979166666666 0.31927083333333334 0.01953125 0.011458333333333333
2 0.16861979166666666 0.5390625 0.02734375 0.013541666666666667
2 0.578125 0.4625 0.0703125 0.10208333333333333
2 0.345703125 0.5083333333333333 0.07421875 0.14583333333333334
9 0.5716145833333334 0.4609375 0.0703125 0.103125
8 0.16927083333333334 0.5411458333333333 0.018229166666666668 0.011458333333333333
2 0.3483072916666667 0.5104166666666666 0.07942708333333333 0.1625
9 0.16796875 0.5390625 0.020833333333333332 0.009375
9 0.3483072916666667 0.5104166666666666 0.07942708333333333 0.1625
9 0.16927083333333334 0.31666666666666665 0.010416666666666666 0.010416666666666666
2 0.5716145833333334 0.4609375 0.0703125 0.103125
