8 0.2839378238341969 0.33777573529411764 0.01865284974093264 0.015625
9 0.7797927461139896 0.2922794117647059 0.2 0.23345588235294118
8 0.7238341968911917 0.25965073529411764 0.03626943005181347 0.04136029411764706
8 0.9 0.6539522058823529 0.025906735751295335 0.02297794117647059
8 0.26476683937823836 0.4329044117647059 0.38031088082901554 0.7242647058823529
8 0.30569948186528495 0.2495404411764706 0.12849740932642487 0.24540441176470587
9 0.23471502590673576 0.5473345588235294 0.16269430051813472 0.23621323529411764
8 0.19170984455958548 0.5303308823529411 0.049740932642487044 0.03860294117647059
8 0.7269430051813471 0.26286764705882354 0.03419689119170984 0.034926470588235295
8 0.1922279792746114 0.46737132352941174 0.03419689119170984 0.02665441176470588
8 0.17512953367875647 0.6415441176470589 0.016580310880829015 0.012867647058823529
8 0.26735751295336785 0.22518382352941177 0.022797927461139896 0.022058823529411766
9 0.8300518134715026 0.6254595588235294 0.138860103626943 0.2509191176470588
8 0.29430051813471503 0.6397058823529411 0.04145077720207254 0.034926470588235295
8 0.872020725388601 0.6852022058823529 0.03005181347150259 0.021139705882352942
8 0.7455958549222798 0.3864889705882353 0.03212435233160622 0.03216911764705882
8 0.844041450777202 0.3759191176470588 0.017616580310880828 0.012867647058823529
8 0.7746113989637305 0.18198529411764705 0.011398963730569948 0.011029411764705883
8 0.8383419689119171 0.3552389705882353 0.01865284974093264 0.013786764705882353
8 0.26632124352331604 0.1401654411764706 0.024870466321243522 0.019301470588235295
8 0.23471502590673576 0.5473345588235294 0.16269430051813472 0.23621323529411764
8 0.7202072538860104 0.3474264705882353 0.01865284974093264 0.016544117647058824
8 0.8300518134715026 0.6254595588235294 0.138860103626943 0.2509191176470588
8 0.7580310880829015 0.6962316176470589 0.027979274611398965 0.024816176470588234
11 0.08704663212435233 0.7858455882352942 0.039378238341968914 0.03125
8 0.2694300518134715 0.49080882352941174 0.01865284974093264 0.01838235294117647
8 0.2626943005181347 0.5611213235294118 0.027979274611398965 0.035845588235294115
10 0.08704663212435233 0.7858455882352942 0.039378238341968914 0.03125
8 0.19067357512953367 0.36075367647058826 0.02072538860103627 0.013786764705882353
8 0.7704663212435233 0.47380514705882354 0.28082901554404144 0.5615808823529411
8 0.7797927461139896 0.2922794117647059 0.2 0.23345588235294118
8 0.4072538860103627 0.20726102941176472 0.02072538860103627 0.02297794117647059
8 0.6544041450777202 0.27205882352941174 0.03419689119170984 0.02389705882352941
8 0.8476683937823835 0.6861213235294118 0.02072538860103627 0.021139705882352942
8 0.26476683937823836 0.5606617647058824 0.03626943005181347 0.042279411764705885
9 0.30569948186528495 0.2495404411764706 0.12849740932642487 0.24540441176470587
8 0.2523316062176166 0.34375 0.027979274611398965 0.022058823529411766
8 0.13626943005181347 0.6521139705882353 0.0383419689119171 0.02849264705882353
8 0.3461139896373057 0.25 0.035233160621761656 0.03125
