11 0.0758266818700114 0.802367941712204 0.06271379703534778 0.058287795992714025
10 0.9201824401368301 0.8287795992714025 0.029646522234891677 0.04007285974499089
0 0.604903078677309 0.3233151183970856 0.11516533637400228 0.08196721311475409
0 0.5974914481185861 0.32786885245901637 0.12086659064994298 0.09836065573770492
10 0.0758266818700114 0.802367941712204 0.06271379703534778 0.058287795992714025
11 0.08437856328392246 0.8096539162112932 0.05017103762827822 0.056466302367941715
11 0.9201824401368301 0.8287795992714025 0.029646522234891677 0.04007285974499089
0 0.5969213226909921 0.3419854280510018 0.12428734321550741 0.12477231329690346
11 0.749714937286203 0.18078324225865208 0.10376282782212087 0.05919854280510018
2 0.604903078677309 0.3233151183970856 0.11516533637400228 0.08196721311475409
