13 0.6236979166666666 0.32916666666666666 0.1640625 0.04791666666666667
11 0.029947916666666668 0.6520833333333333 0.03125 0.058333333333333334
1 0.2682291666666667 0.22083333333333333 0.11979166666666667 0.20208333333333334
13 0.19401041666666666 0.33489583333333334 0.22916666666666666 0.07604166666666666
13 0.265625 0.22083333333333333 0.109375 0.18333333333333332
1 0.21484375 0.3385416666666667 0.19270833333333334 0.09166666666666666
9 0.3678385416666667 0.4401041666666667 0.12369791666666667 0.33229166666666665
13 0.20833333333333334 0.23072916666666668 0.25 0.259375
1 0.20833333333333334 0.23072916666666668 0.25 0.259375
11 0.028645833333333332 0.6364583333333333 0.036458333333333336 0.08958333333333333
13 0.21484375 0.3385416666666667 0.19270833333333334 0.09166666666666666
0 0.4713541666666667 0.24479166666666666 0.10677083333333333 0.09583333333333334
13 0.2682291666666667 0.22083333333333333 0.11979166666666667 0.20208333333333334
10 0.028645833333333332 0.6364583333333333 0.036458333333333336 0.08958333333333333
13 0.646484375 0.31666666666666665 0.12369791666666667 0.01875
13 0.6302083333333334 0.321875 0.16927083333333334 0.041666666666666664
