13 0.650390625 0.27783203125 0.13671875 0.2392578125
6 0.30126953125 0.44091796875 0.1533203125 0.3701171875
11 0.29638671875 0.1884765625 0.0947265625 0.103515625
7 0.650390625 0.27783203125 0.13671875 0.2392578125
7 0.37451171875 0.27001953125 0.1669921875 0.2392578125
13 0.34619140625 0.25732421875 0.1572265625 0.2333984375
13 0.6474609375 0.2958984375 0.140625 0.283203125
6 0.3662109375 0.30322265625 0.146484375 0.3056640625
5 0.29150390625 0.49658203125 0.1162109375 0.1591796875
13 0.37451171875 0.27001953125 0.1669921875 0.2392578125
5 0.30126953125 0.44091796875 0.1533203125 0.3701171875
7 0.662109375 0.27001953125 0.16015625 0.2626953125
7 0.3662109375 0.30322265625 0.146484375 0.3056640625
