3 0.608356290174472 0.6469237832874196 0.3314967860422406 0.1588613406795225
11 0.8158861340679523 0.7901744719926538 0.030303030303030304 0.046831955922865015
11 0.384297520661157 0.08677685950413223 0.14784205693296604 0.06336088154269973
2 0.6147842056932966 0.2222222222222222 0.03764921946740129 0.0642791551882461
10 0.8195592286501377 0.7924701561065197 0.024793388429752067 0.047750229568411386
13 0.8053259871441689 0.2796143250688705 0.02203856749311295 0.008264462809917356
13 0.642791551882461 0.36042240587695135 0.02938475665748393 0.04499540863177227
11 0.8195592286501377 0.7924701561065197 0.024793388429752067 0.047750229568411386
10 0.32920110192837465 0.6960514233241506 0.26170798898071623 0.11386593204775022
13 0.7240587695133149 0.6386593204775023 0.14967860422405876 0.17355371900826447
11 0.6685032139577594 0.09228650137741047 0.16345270890725436 0.05601469237832874
10 0.20890725436179983 0.6932966023875115 0.03948576675849403 0.06611570247933884
10 0.20431588613406795 0.6767676767676768 0.028466483011937556 0.07346189164370982
9 0.3337924701561065 0.6634527089072544 0.24701561065197428 0.05785123966942149
11 0.20890725436179983 0.6932966023875115 0.03948576675849403 0.06611570247933884
11 0.39623507805325986 0.09779614325068871 0.17722681359044995 0.06887052341597796
11 0.20431588613406795 0.6767676767676768 0.028466483011937556 0.07346189164370982
11 0.40128558310376494 0.09090909090909091 0.17079889807162535 0.05693296602387511
11 0.6694214876033058 0.0945821854912764 0.16345270890725436 0.06060606060606061
0 0.5918273645546372 0.23324150596877868 0.0945821854912764 0.10651974288337925
