2 0.6103896103896104 0.3207885304659498 0.09090909090909091 0.0967741935483871
2 0.9019480519480519 0.9229390681003584 0.032467532467532464 0.03464755077658303
9 0.36233766233766235 0.529868578255675 0.09350649350649351 0.08482676224611709
8 0.18896103896103897 0.7317801672640383 0.13896103896103895 0.13500597371565112
8 0.9025974025974026 0.9241338112305855 0.04415584415584416 0.04659498207885305
2 0.6123376623376623 0.32198327359617684 0.1025974025974026 0.1015531660692951
8 0.18441558441558442 0.7305854241338112 0.14805194805194805 0.13022700119474312
9 0.37207792207792206 0.53584229390681 0.1025974025974026 0.1111111111111111
8 0.19480519480519481 0.7281959378733572 0.12467532467532468 0.1111111111111111
2 0.6116883116883117 0.32317801672640384 0.09610389610389611 0.1063321385902031
