13 0.7408854166666666 0.6875 0.026041666666666668 0.014583333333333334
3 0.5325520833333334 0.6479166666666667 0.3802083333333333 0.10625
13 0.7688802083333334 0.5098958333333333 0.10807291666666667 0.036458333333333336
11 0.3404947916666667 0.12760416666666666 0.08984375 0.030208333333333334
13 0.7643229166666666 0.5109375 0.13020833333333334 0.03229166666666667
0 0.5455729166666666 0.2796875 0.109375 0.09270833333333334
11 0.625 0.12083333333333333 0.0859375 0.022916666666666665
13 0.76953125 0.5145833333333333 0.125 0.027083333333333334
0 0.5462239583333334 0.275 0.10286458333333333 0.07708333333333334
11 0.3567708333333333 0.12447916666666667 0.10416666666666667 0.026041666666666668
