11 0.33163265306122447 0.15327102803738318 0.11224489795918367 0.03177570093457944
13 0.6819727891156463 0.20373831775700935 0.12585034013605442 0.10093457943925234
13 0.7012471655328798 0.20233644859813085 0.14852607709750568 0.09065420560747664
0 0.5311791383219955 0.28925233644859816 0.13718820861678005 0.09813084112149532
11 0.7012471655328798 0.20233644859813085 0.14852607709750568 0.09065420560747664
13 0.18310657596371882 0.29205607476635514 0.1054421768707483 0.08130841121495327
13 0.19104308390022676 0.29906542056074764 0.1145124716553288 0.07850467289719626
9 0.5034013605442177 0.28130841121495326 0.061224489795918366 0.13644859813084112
13 0.673469387755102 0.2130841121495327 0.10204081632653061 0.09906542056074766
4 0.1899092970521542 0.29392523364485984 0.10090702947845805 0.07009345794392523
