9 0.9391891891891891 0.4366576819407008 0.11711711711711711 0.4348607367475292
13 0.7736486486486487 0.5759209344115005 0.15765765765765766 0.10422282120395328
9 0.26126126126126126 0.0646900269541779 0.0945945945945946 0.08265947888589398
4 0.7415540540540541 0.5992812219227314 0.17905405405405406 0.09703504043126684
9 0.2561936936936937 0.06424079065588499 0.17905405405405406 0.12488769092542677
8 0.7240990990990991 0.5727762803234502 0.19369369369369369 0.14645103324348607
7 0.7415540540540541 0.5992812219227314 0.17905405405405406 0.09703504043126684
7 0.8158783783783784 0.7371967654986523 0.21734234234234234 0.15363881401617252
9 0.9313063063063063 0.4303683737646002 0.09234234234234234 0.4366576819407008
7 0.8254504504504504 0.7079964061096137 0.1891891891891892 0.1509433962264151
9 0.30574324324324326 0.06064690026954178 0.22409909909909909 0.11590296495956873
9 0.7956081081081081 0.07322551662174304 0.2849099099099099 0.14645103324348607
4 0.7240990990990991 0.5727762803234502 0.19369369369369369 0.14645103324348607
6 0.7635135135135135 0.632973944294699 0.3130630630630631 0.34591194968553457
7 0.7224099099099099 0.5637915543575921 0.19932432432432431 0.1554357592093441
9 0.7719594594594594 0.07322551662174304 0.3141891891891892 0.14285714285714285
9 0.767454954954955 0.0664869721473495 0.19481981981981983 0.11500449236298294
6 0.8158783783783784 0.7371967654986523 0.21734234234234234 0.15363881401617252
0 0.5861486486486487 0.29469901168014373 0.09572072072072071 0.0664869721473495
8 0.7415540540540541 0.5992812219227314 0.17905405405405406 0.09703504043126684
9 0.902027027027027 0.3778077268643306 0.15765765765765766 0.5363881401617251
