7 0.3154296875 0.2490234375 0.212890625 0.2265625
13 0.30078125 0.24169921875 0.16015625 0.2119140625
4 0.67724609375 0.61376953125 0.1552734375 0.1689453125
7 0.6826171875 0.5830078125 0.119140625 0.125
6 0.2978515625 0.2431640625 0.173828125 0.224609375
4 0.30078125 0.24169921875 0.16015625 0.2119140625
10 0.67822265625 0.640625 0.1591796875 0.16796875
7 0.67626953125 0.60302734375 0.1552734375 0.1455078125
6 0.3154296875 0.2490234375 0.212890625 0.2265625
13 0.2978515625 0.2431640625 0.173828125 0.224609375
4 0.2978515625 0.2431640625 0.173828125 0.224609375
7 0.67724609375 0.61376953125 0.1552734375 0.1689453125
