2 0.32568359375 0.3056640625 0.2060546875 0.267578125
13 0.27978515625 0.37890625 0.1064453125 0.09765625
13 0.703125 0.2509765625 0.15234375 0.2578125
13 0.67333984375 0.3056640625 0.1982421875 0.251953125
13 0.30615234375 0.30224609375 0.1572265625 0.2646484375
13 0.32568359375 0.3056640625 0.2060546875 0.267578125
2 0.67333984375 0.3056640625 0.1982421875 0.251953125
13 0.7216796875 0.240234375 0.1015625 0.19921875
11 0.69775390625 0.14306640625 0.0986328125 0.0673828125
13 0.3515625 0.2001953125 0.068359375 0.0703125
11 0.37548828125 0.14794921875 0.1357421875 0.0380859375
