9 0.24361948955916474 0.11217303822937626 0.2088167053364269 0.2243460764587525
9 0.3863109048723898 0.23843058350100604 0.04408352668213457 0.060362173038229376
9 0.6879350348027842 0.14688128772635814 0.13225058004640372 0.10462776659959759
7 0.7790023201856149 0.6614688128772636 0.09860788863109049 0.17404426559356137
9 0.6861948955916474 0.13380281690140844 0.16589327146171692 0.12474849094567404
7 0.3352668213457077 0.5749496981891348 0.09744779582366589 0.1659959758551308
8 0.3352668213457077 0.5749496981891348 0.09744779582366589 0.1659959758551308
10 0.14617169373549885 0.7520120724346077 0.07424593967517401 0.1096579476861167
9 0.3462877030162413 0.4290744466800805 0.10092807424593968 0.08148893360160966
9 0.25 0.11670020120724346 0.12645011600928074 0.22937625754527163
9 0.26102088167053367 0.477364185110664 0.33410672853828305 0.36519114688128773
0 0.5835266821345708 0.4215291750503018 0.12064965197215777 0.096579476861167
3 0.5423433874709976 0.7323943661971831 0.4466357308584687 0.10462776659959759
9 0.24245939675174014 0.4984909456740443 0.41531322505800466 0.27062374245472837
9 0.0574245939675174 0.7002012072434608 0.1148491879350348 0.4024144869215292
9 0.2476798143851508 0.1272635814889336 0.1357308584686775 0.20422535211267606
9 0.043503480278422275 0.6971830985915493 0.08700696055684455 0.34004024144869216
9 0.04640371229698376 0.6670020120724346 0.08352668213457076 0.39436619718309857
9 0.3538283062645012 0.5437625754527163 0.10440835266821345 0.1841046277665996
0 0.5759860788863109 0.44014084507042256 0.15661252900232017 0.14386317907444668
9 0.6925754060324826 0.14839034205231388 0.13921113689095127 0.08551307847082495
11 0.14617169373549885 0.7520120724346077 0.07424593967517401 0.1096579476861167
