5 0.32505910165484636 0.365234375 0.3144208037825059 0.439453125
5 0.7269503546099291 0.36962890625 0.2222222222222222 0.3916015625
3 0.6128841607565012 0.54638671875 0.3723404255319149 0.1396484375
0 0.5880614657210402 0.263671875 0.11702127659574468 0.0859375
5 0.3268321513002364 0.33056640625 0.32978723404255317 0.4853515625
5 0.7127659574468085 0.328125 0.28132387706855794 0.48046875
6 0.7127659574468085 0.328125 0.28132387706855794 0.48046875
5 0.30969267139479906 0.39306640625 0.29550827423167847 0.4541015625
5 0.7210401891252955 0.32958984375 0.2033096926713948 0.3369140625
6 0.3268321513002364 0.33056640625 0.32978723404255317 0.4853515625
