2 0.21907514450867052 0.8242268041237113 0.09132947976878612 0.03608247422680412
11 0.13410404624277455 0.8948453608247423 0.04393063583815029 0.03505154639175258
2 0.22254335260115607 0.8216494845360824 0.09132947976878612 0.03711340206185567
7 0.20115606936416186 0.4505154639175258 0.05086705202312139 0.10927835051546392
10 0.8329479768786127 0.8979381443298969 0.05433526011560694 0.049484536082474224
2 0.22485549132947977 0.8206185567010309 0.09826589595375723 0.03917525773195876
11 0.2676300578034682 0.5293814432989691 0.1722543352601156 0.3247422680412371
2 0.2676300578034682 0.5293814432989691 0.1722543352601156 0.3247422680412371
9 0.2526011560693642 0.5969072164948453 0.1283236994219653 0.18350515463917524
11 0.7624277456647399 0.5505154639175258 0.09826589595375723 0.29690721649484536
9 0.7658959537572254 0.5628865979381443 0.11213872832369942 0.30927835051546393
11 0.13179190751445086 0.738659793814433 0.03699421965317919 0.1556701030927835
2 0.2630057803468208 0.522680412371134 0.1907514450867052 0.3319587628865979
11 0.2630057803468208 0.522680412371134 0.1907514450867052 0.3319587628865979
2 0.7670520231213873 0.5458762886597938 0.08901734104046242 0.31237113402061856
11 0.8329479768786127 0.8979381443298969 0.05433526011560694 0.049484536082474224
2 0.7624277456647399 0.5505154639175258 0.09826589595375723 0.29690721649484536
11 0.7670520231213873 0.5458762886597938 0.08901734104046242 0.31237113402061856
11 0.21907514450867052 0.8242268041237113 0.09132947976878612 0.03608247422680412
11 0.3739884393063584 0.1577319587628866 0.10751445086705202 0.02268041237113402
11 0.22485549132947977 0.8206185567010309 0.09826589595375723 0.03917525773195876
10 0.13410404624277455 0.8948453608247423 0.04393063583815029 0.03505154639175258
