0 0.60693359375 0.306640625 0.0927734375 0.111328125
3 0.5986328125 0.5263671875 0.322265625 0.095703125
13 0.37646484375 0.29150390625 0.1533203125 0.1435546875
13 0.38427734375 0.2724609375 0.0673828125 0.119140625
6 0.75439453125 0.2958984375 0.0908203125 0.083984375
13 0.375 0.28173828125 0.15234375 0.1396484375
13 0.7685546875 0.26416015625 0.033203125 0.0263671875
6 0.37646484375 0.29150390625 0.1533203125 0.1435546875
7 0.75439453125 0.2958984375 0.0908203125 0.083984375
6 0.375 0.28173828125 0.15234375 0.1396484375
0 0.60009765625 0.3046875 0.1083984375 0.111328125
3 0.60205078125 0.53515625 0.3291015625 0.099609375
6 0.74609375 0.29443359375 0.078125 0.0947265625
0 0.6083984375 0.314453125 0.095703125 0.138671875
