8 0.64453125 0.24895833333333334 0.013020833333333334 0.00625
11 0.3072916666666667 0.12760416666666666 0.10677083333333333 0.04895833333333333
13 0.6725260416666666 0.5125 0.06380208333333333 0.10625
13 0.3522135416666667 0.165625 0.11588541666666667 0.12291666666666666
0 0.5572916666666666 0.26145833333333335 0.08854166666666667 0.1
7 0.6490885416666666 0.253125 0.18359375 0.2
8 0.6595052083333334 0.24739583333333334 0.17317708333333334 0.203125
8 0.666015625 0.24010416666666667 0.15234375 0.19270833333333334
13 0.328125 0.18385416666666668 0.11458333333333333 0.08854166666666667
11 0.81640625 0.6723958333333333 0.049479166666666664 0.059375
11 0.64453125 0.13489583333333333 0.21614583333333334 0.08229166666666667
8 0.66015625 0.2328125 0.013020833333333334 0.015625
8 0.2975260416666667 0.159375 0.040364583333333336 0.027083333333333334
10 0.81640625 0.6723958333333333 0.049479166666666664 0.059375
8 0.6907552083333334 0.1984375 0.016927083333333332 0.013541666666666667
11 0.6588541666666666 0.13645833333333332 0.18489583333333334 0.0875
7 0.666015625 0.24010416666666667 0.15234375 0.19270833333333334
6 0.759765625 0.4390625 0.06380208333333333 0.11770833333333333
4 0.6595052083333334 0.24739583333333334 0.17317708333333334 0.203125
8 0.701171875 0.2125 0.014322916666666666 0.010416666666666666
13 0.6822916666666666 0.21614583333333334 0.06510416666666667 0.059375
8 0.693359375 0.23020833333333332 0.009114583333333334 0.008333333333333333
7 0.759765625 0.4390625 0.06380208333333333 0.11770833333333333
