7 0.4136874361593463 0.383 0.10827374872318693 0.114
9 0.644535240040858 0.714 0.27374872318692545 0.136
1 0.6424923391215526 0.7155 0.29213483146067415 0.115
9 0.6220633299284984 0.7255 0.24719101123595505 0.131
0 0.4780388151174668 0.534 0.26149131767109296 0.15
4 0.33401430030643514 0.778 0.13278855975485188 0.14
7 0.3345250255362615 0.733 0.13993871297242083 0.226
0 0.5250255362614913 0.541 0.15321756894790603 0.164
10 0.7303370786516854 0.7095 0.11644535240040858 0.117
0 0.49284984678243104 0.537 0.21144024514811033 0.188
