6 0.240234375 0.38385416666666666 0.24348958333333334 0.41354166666666664
13 0.263671875 0.22708333333333333 0.10286458333333333 0.0875
7 0.23893229166666666 0.37395833333333334 0.24088541666666666 0.4791666666666667
10 0.20638020833333334 0.5776041666666667 0.3059895833333333 0.19895833333333332
13 0.7721354166666666 0.3151041666666667 0.0703125 0.04479166666666667
0 0.5592447916666666 0.25729166666666664 0.13932291666666666 0.10416666666666667
6 0.23893229166666666 0.37395833333333334 0.24088541666666666 0.4791666666666667
11 0.232421875 0.18072916666666666 0.22786458333333334 0.15729166666666666
10 0.20247395833333334 0.4197916666666667 0.3059895833333333 0.6270833333333333
11 0.23372395833333334 0.18645833333333334 0.22786458333333334 0.1875
0 0.5501302083333334 0.28489583333333335 0.15234375 0.159375
13 0.2845052083333333 0.3375 0.10026041666666667 0.09375
13 0.7610677083333334 0.3072916666666667 0.07161458333333333 0.058333333333333334
13 0.6529947916666666 0.221875 0.08984375 0.09375
10 0.21744791666666666 0.5869791666666667 0.3333333333333333 0.303125
5 0.23046875 0.3776041666666667 0.2682291666666667 0.4510416666666667
5 0.240234375 0.38385416666666666 0.24348958333333334 0.41354166666666664
