5 0.32666015625 0.525390625 0.1767578125 0.4375
13 0.67138671875 0.55712890625 0.1787109375 0.5146484375
3 0.54541015625 0.27685546875 0.0986328125 0.0986328125
5 0.32958984375 0.4765625 0.1962890625 0.400390625
11 0.5966796875 0.11474609375 0.099609375 0.0224609375
5 0.32470703125 0.50341796875 0.2353515625 0.5087890625
5 0.67138671875 0.55712890625 0.1787109375 0.5146484375
6 0.32666015625 0.525390625 0.1767578125 0.4375
5 0.67138671875 0.53955078125 0.1689453125 0.4521484375
6 0.32958984375 0.4765625 0.1962890625 0.400390625
8 0.72802734375 0.22607421875 0.0166015625 0.0146484375
5 0.69921875 0.57421875 0.14453125 0.3984375
11 0.3857421875 0.1240234375 0.076171875 0.0234375
6 0.67138671875 0.53955078125 0.1689453125 0.4521484375
13 0.32470703125 0.50341796875 0.2353515625 0.5087890625
