7 0.23106546854942234 0.5583941605839416 0.220795892169448 0.1678832116788321
13 0.25481386392811295 0.4051094890510949 0.1399229781771502 0.049009384775808136
13 0.25288831835686776 0.40041710114702816 0.14890885750962773 0.05213764337851929
3 0.5603337612323491 0.6141814389989573 0.47881899871630296 0.13764337851929093
0 0.5834403080872914 0.32638164754953075 0.11424903722721438 0.12930135557872785
10 0.13478818998716302 0.6418143899895725 0.10783055198973042 0.12825860271115747
13 0.2554557124518614 0.40250260688216893 0.1668806161745828 0.045881126173096975
7 0.26957637997432604 0.5453597497393118 0.251604621309371 0.16684045881126172
10 0.14249037227214378 0.6371220020855057 0.1258023106546855 0.1543274244004171
10 0.14762516046213095 0.6673618352450469 0.10526315789473684 0.1334723670490094
11 0.14249037227214378 0.6371220020855057 0.1258023106546855 0.1543274244004171
