11 0.3834510595358224 0.16379310344827586 0.19374369323915236 0.07606490872210954
10 0.8577194752774975 0.592292089249493 0.028254288597376387 0.08924949290060852
0 0.5842583249243188 0.3225152129817444 0.1231079717457114 0.12981744421906694
9 0.05095862764883956 0.5998985801217038 0.08375378405650857 0.3154158215010142
9 0.08728557013118063 0.5613590263691683 0.15237134207870837 0.48580121703853957
9 0.28809283551967707 0.44675456389452334 0.22300706357214933 0.08417849898580122
11 0.8577194752774975 0.592292089249493 0.028254288597376387 0.08924949290060852
11 0.6180625630676084 0.18864097363083165 0.0958627648839556 0.13184584178498987
9 0.4419778002018164 0.2971602434077079 0.07265388496468214 0.19066937119675456
4 0.3546922300706357 0.4969574036511156 0.11200807265388496 0.11156186612576065
7 0.8097880928355197 0.6004056795131846 0.07971745711402624 0.058823529411764705
10 0.8456104944500504 0.6100405679513184 0.07063572149344097 0.11460446247464504
9 0.15388496468213925 0.29918864097363085 0.2129162462159435 0.281947261663286
0 0.5782038345105953 0.32961460446247465 0.13521695257315844 0.1440162271805274
13 0.29263370332996974 0.43509127789046653 0.1917255297679112 0.058823529411764705
11 0.8456104944500504 0.6100405679513184 0.07063572149344097 0.11460446247464504
7 0.4419778002018164 0.2971602434077079 0.07265388496468214 0.19066937119675456
0 0.5918264379414733 0.31795131845841784 0.0958627648839556 0.10649087221095335
