6 0.619140625 0.23489583333333333 0.16015625 0.10729166666666666
13 0.2897135416666667 0.4739583333333333 0.07421875 0.10208333333333333
0 0.5325520833333334 0.31875 0.10416666666666667 0.10208333333333333
3 0.5403645833333334 0.5770833333333333 0.4088541666666667 0.12083333333333333
0 0.5416666666666666 0.30625 0.08854166666666667 0.075
0 0.533203125 0.3302083333333333 0.11067708333333333 0.11666666666666667
3 0.5481770833333334 0.559375 0.3958333333333333 0.14375
13 0.28515625 0.4739583333333333 0.07552083333333333 0.10416666666666667
3 0.5462239583333334 0.5786458333333333 0.39453125 0.09895833333333333
13 0.2877604166666667 0.4708333333333333 0.08333333333333333 0.10208333333333333
