8 0.15465465465465467 0.5188253012048193 0.08408408408408409 0.08283132530120482
8 0.7867867867867868 0.2786144578313253 0.07507507507507508 0.08734939759036145
7 0.17867867867867868 0.35993975903614456 0.03303303303303303 0.045180722891566265
13 0.8295795795795796 0.4495481927710843 0.0915915915915916 0.09186746987951808
8 0.17867867867867868 0.35993975903614456 0.03303303303303303 0.045180722891566265
8 0.8288288288288288 0.4510542168674699 0.1111111111111111 0.09789156626506024
7 0.28453453453453453 0.25301204819277107 0.06156156156156156 0.09036144578313253
8 0.13363363363363365 0.5301204819277109 0.12912912912912913 0.13253012048192772
7 0.22747747747747749 0.677710843373494 0.13063063063063063 0.12650602409638553
0 0.581081081081081 0.44051204819277107 0.15615615615615616 0.1280120481927711
8 0.2905405405405405 0.6859939759036144 0.1006006006006006 0.10692771084337349
0 0.5683183183183184 0.4510542168674699 0.16666666666666666 0.14006024096385541
8 0.7897897897897898 0.2876506024096386 0.06606606606606606 0.07530120481927711
8 0.22747747747747749 0.677710843373494 0.13063063063063063 0.12650602409638553
8 0.7905405405405406 0.28313253012048195 0.06456456456456457 0.060240963855421686
8 0.8821321321321322 0.7025602409638554 0.06756756756756757 0.07078313253012049
10 0.05555555555555555 0.7296686746987951 0.08708708708708708 0.2756024096385542
11 0.7702702702702703 0.20105421686746988 0.12612612612612611 0.07379518072289157
7 0.12912912912912913 0.5331325301204819 0.13213213213213212 0.14156626506024098
8 0.11711711711711711 0.5436746987951807 0.06606606606606606 0.08132530120481928
8 0.06456456456456457 0.6558734939759037 0.02702702702702703 0.03162650602409638
8 0.7867867867867868 0.6626506024096386 0.04804804804804805 0.06325301204819277
11 0.18618618618618618 0.22740963855421686 0.10810810810810811 0.0963855421686747
8 0.18018018018018017 0.3569277108433735 0.03903903903903904 0.05120481927710843
8 0.8971471471471472 0.7115963855421686 0.11861861861861862 0.11596385542168675
7 0.8295795795795796 0.4495481927710843 0.0915915915915916 0.09186746987951808
7 0.9046546546546547 0.7115963855421686 0.15465465465465467 0.09487951807228916
3 0.6073573573573574 0.7123493975903614 0.5570570570570571 0.13855421686746988
8 0.17942942942942944 0.35768072289156627 0.04954954954954955 0.05271084337349398
8 0.2807807807807808 0.2552710843373494 0.06006006006006006 0.08885542168674698
8 0.9046546546546547 0.7115963855421686 0.15465465465465467 0.09487951807228916
8 0.8295795795795796 0.44879518072289154 0.08558558558558559 0.09939759036144578
8 0.22972972972972974 0.6724397590361446 0.10510510510510511 0.13102409638554216
8 0.12912912912912913 0.5331325301204819 0.13213213213213212 0.14156626506024098
8 0.28453453453453453 0.25301204819277107 0.06156156156156156 0.09036144578313253
8 0.789039039039039 0.6664156626506024 0.06156156156156156 0.07379518072289157
0 0.5840840840840841 0.46460843373493976 0.13513513513513514 0.17921686746987953
7 0.7867867867867868 0.2786144578313253 0.07507507507507508 0.08734939759036145
10 0.9024024024024024 0.6656626506024096 0.10510510510510511 0.3192771084337349
7 0.22972972972972974 0.6724397590361446 0.10510510510510511 0.13102409638554216
