11 0.9049586776859504 0.6902530459231491 0.0640495867768595 0.11715089034676664
2 0.8527892561983471 0.5215557638238051 0.11466942148760331 0.33270852858481725
11 0.809400826446281 0.5393626991565136 0.2097107438016529 0.29896907216494845
6 0.8011363636363636 0.5866916588566073 0.17045454545454544 0.19306466729147143
9 0.7701446280991735 0.7075913776944704 0.2572314049586777 0.1105904404873477
11 0.8527892561983471 0.5215557638238051 0.11466942148760331 0.33270852858481725
13 0.8011363636363636 0.5866916588566073 0.17045454545454544 0.19306466729147143
2 0.809400826446281 0.5393626991565136 0.2097107438016529 0.29896907216494845
10 0.9049586776859504 0.6902530459231491 0.0640495867768595 0.11715089034676664
2 0.8651859504132231 0.4878163074039363 0.07747933884297521 0.23898781630740393
7 0.8011363636363636 0.5866916588566073 0.17045454545454544 0.19306466729147143
11 0.8037190082644629 0.584817244611059 0.18181818181818182 0.22492970946579194
