11 0.650390625 0.16927083333333334 0.09244791666666667 0.026041666666666668
8 0.7473958333333334 0.340625 0.0625 0.041666666666666664
11 0.123046875 0.7411458333333333 0.07682291666666667 0.08854166666666667
1 0.283203125 0.22708333333333333 0.26953125 0.11458333333333333
13 0.669921875 0.23333333333333334 0.08984375 0.10833333333333334
8 0.642578125 0.240625 0.022135416666666668 0.03333333333333333
11 0.291015625 0.24739583333333334 0.2643229166666667 0.128125
1 0.29296875 0.24010416666666667 0.234375 0.134375
2 0.669921875 0.23333333333333334 0.08984375 0.10833333333333334
11 0.6920572916666666 0.1828125 0.16796875 0.065625
13 0.263671875 0.346875 0.17057291666666666 0.14166666666666666
2 0.74609375 0.33958333333333335 0.0546875 0.03958333333333333
13 0.74609375 0.33958333333333335 0.0546875 0.03958333333333333
8 0.6692708333333334 0.25416666666666665 0.09895833333333333 0.0625
13 0.275390625 0.3260416666666667 0.19921875 0.125
13 0.2740885416666667 0.35052083333333334 0.21223958333333334 0.15520833333333334
8 0.6920572916666666 0.24479166666666666 0.055989583333333336 0.029166666666666667
13 0.751953125 0.340625 0.055989583333333336 0.0375
0 0.5553385416666666 0.3546875 0.15755208333333334 0.13020833333333334
0 0.556640625 0.36770833333333336 0.11328125 0.14791666666666667
