13 0.23581560283687944 0.31689453125 0.10520094562647754 0.0556640625
10 0.23049645390070922 0.5400390625 0.2033096926713948 0.076171875
3 0.6111111111111112 0.46728515625 0.5177304964539007 0.2255859375
0 0.6057919621749409 0.24169921875 0.11702127659574468 0.0966796875
7 0.3321513002364066 0.41162109375 0.2647754137115839 0.2177734375
10 0.2765957446808511 0.47509765625 0.31678486997635935 0.2646484375
3 0.6317966903073287 0.5078125 0.4905437352245863 0.216796875
7 0.28782505910165485 0.44873046875 0.2730496453900709 0.1689453125
13 0.2364066193853428 0.31396484375 0.1111111111111111 0.0458984375
11 0.18085106382978725 0.41259765625 0.06619385342789598 0.1572265625
0 0.5933806146572104 0.2734375 0.13238770685579196 0.142578125
7 0.23817966903073287 0.42919921875 0.2375886524822695 0.1396484375
3 0.6323877068557919 0.51220703125 0.4799054373522459 0.2080078125
0 0.5998817966903073 0.24853515625 0.1524822695035461 0.1220703125
10 0.21513002364066194 0.54541015625 0.17966903073286053 0.1025390625
