6 0.7511820330969267 0.599609375 0.19267139479905437 0.22265625
7 0.7706855791962175 0.61181640625 0.18203309692671396 0.2353515625
11 0.8658392434988179 0.7255859375 0.010638297872340425 0.048828125
7 0.7730496453900709 0.5517578125 0.13238770685579196 0.08984375
4 0.7730496453900709 0.5517578125 0.13238770685579196 0.08984375
13 0.6790780141843972 0.29736328125 0.16430260047281323 0.2021484375
11 0.35224586288416077 0.18115234375 0.11347517730496454 0.0185546875
2 0.8552009456264775 0.7001953125 0.015366430260047281 0.0703125
6 0.6790780141843972 0.29736328125 0.16430260047281323 0.2021484375
6 0.7706855791962175 0.61181640625 0.18203309692671396 0.2353515625
13 0.6666666666666666 0.24951171875 0.061465721040189124 0.0712890625
6 0.7535460992907801 0.63720703125 0.1288416075650118 0.1533203125
