11 0.7975260416666666 0.6942708333333333 0.05078125 0.084375
3 0.498046875 0.653125 0.4153645833333333 0.14791666666666667
10 0.794921875 0.6994791666666667 0.07942708333333333 0.096875
11 0.064453125 0.7067708333333333 0.06380208333333333 0.06770833333333333
10 0.064453125 0.7067708333333333 0.06380208333333333 0.06770833333333333
10 0.7734375 0.6947916666666667 0.11197916666666667 0.06458333333333334
11 0.794921875 0.6994791666666667 0.07942708333333333 0.096875
10 0.07942708333333333 0.7161458333333334 0.078125 0.09270833333333334
10 0.08854166666666667 0.7114583333333333 0.10416666666666667 0.06458333333333334
11 0.07942708333333333 0.7161458333333334 0.078125 0.09270833333333334
10 0.7975260416666666 0.6942708333333333 0.05078125 0.084375
11 0.5852864583333334 0.24166666666666667 0.11848958333333333 0.07291666666666667
