11 0.060126582278481014 0.9012036108324974 0.046413502109704644 0.06118355065195587
11 0.8876582278481012 0.7326980942828486 0.05379746835443038 0.09327983951855567
10 0.8834388185654009 0.7577733199598796 0.05379746835443038 0.04312938816449348
11 0.05907172995780591 0.876629889669007 0.05907172995780591 0.09428284854563691
10 0.05907172995780591 0.876629889669007 0.05907172995780591 0.09428284854563691
3 0.5659282700421941 0.6845536609829489 0.4630801687763713 0.14343029087261785
13 0.7368143459915611 0.4638916750250752 0.26054852320675104 0.5325977933801405
0 0.5959915611814346 0.3319959879638917 0.13924050632911392 0.1424272818455366
11 0.7093881856540084 0.578234704112337 0.14029535864978904 0.283851554663992
3 0.560126582278481 0.6313941825476429 0.459915611814346 0.22567703109327983
1 0.7368143459915611 0.6108324974924775 0.33016877637130804 0.2888665997993982
11 0.8834388185654009 0.7577733199598796 0.05379746835443038 0.04312938816449348
0 0.5981012658227848 0.34252758274824474 0.1308016877637131 0.14944834503510532
0 0.5996835443037974 0.3410230692076229 0.12763713080168776 0.11835506519558676
7 0.7368143459915611 0.6108324974924775 0.33016877637130804 0.2888665997993982
10 0.8876582278481012 0.7326980942828486 0.05379746835443038 0.09327983951855567
13 0.7684599156118144 0.38064192577733197 0.16772151898734178 0.2858575727181545
13 0.7542194092827004 0.3826479438314945 0.25949367088607594 0.4002006018054162
