13 0.3857421875 0.3349609375 0.21484375 0.36328125
6 0.67431640625 0.27197265625 0.1083984375 0.2001953125
13 0.779296875 0.44970703125 0.06640625 0.0986328125
6 0.365234375 0.28662109375 0.171875 0.2685546875
13 0.390625 0.322265625 0.212890625 0.314453125
6 0.390625 0.322265625 0.212890625 0.314453125
13 0.365234375 0.28662109375 0.171875 0.2685546875
5 0.7158203125 0.39404296875 0.1875 0.2939453125
13 0.65966796875 0.2548828125 0.1396484375 0.181640625
6 0.3857421875 0.3349609375 0.21484375 0.36328125
13 0.67431640625 0.27197265625 0.1083984375 0.2001953125
13 0.685546875 0.27783203125 0.080078125 0.1435546875
