11 0.7060546875 0.16015625 0.076171875 0.05078125
11 0.6943359375 0.14697265625 0.103515625 0.0556640625
9 0.3515625 0.4404296875 0.15234375 0.21875
13 0.3671875 0.36328125 0.228515625 0.4453125
9 0.34716796875 0.6611328125 0.1162109375 0.048828125
1 0.3974609375 0.2646484375 0.17578125 0.27734375
13 0.3837890625 0.2041015625 0.166015625 0.166015625
13 0.69091796875 0.2587890625 0.2236328125 0.29296875
9 0.69482421875 0.36962890625 0.0439453125 0.0400390625
13 0.70458984375 0.35009765625 0.2099609375 0.4345703125
9 0.693359375 0.36572265625 0.041015625 0.0419921875
13 0.3974609375 0.2646484375 0.17578125 0.27734375
13 0.3515625 0.4404296875 0.15234375 0.21875
13 0.68505859375 0.25732421875 0.2080078125 0.2822265625
