0 0.58056640625 0.29638671875 0.0869140625 0.1474609375
8 0.44189453125 0.3154296875 0.0263671875 0.017578125
8 0.31396484375 0.3427734375 0.0185546875 0.015625
3 0.55908203125 0.53466796875 0.3310546875 0.0888671875
8 0.275390625 0.40234375 0.017578125 0.013671875
8 0.357421875 0.32470703125 0.009765625 0.0126953125
0 0.58447265625 0.28466796875 0.0947265625 0.1064453125
11 0.60986328125 0.1787109375 0.0751953125 0.015625
8 0.4052734375 0.310546875 0.01171875 0.013671875
3 0.55078125 0.5302734375 0.32421875 0.12109375
3 0.55810546875 0.55224609375 0.3349609375 0.1142578125
0 0.58056640625 0.30517578125 0.1103515625 0.1572265625
