8 0.611995753715499 0.3177920685959271 0.15180467091295116 0.18971061093247588
9 0.2781316348195329 0.4967845659163987 0.12951167728237792 0.08038585209003216
7 0.7160297239915074 0.44480171489817794 0.32590233545647557 0.6130760986066452
6 0.7945859872611465 0.5551982851018221 0.1921443736730361 0.42015005359056806
9 0.8604033970276008 0.17363344051446947 0.020169851380042462 0.02572347266881029
9 0.262208067940552 0.759914255091104 0.055201698513800426 0.06645230439442658
9 0.2813163481953291 0.5010718113612004 0.14861995753715498 0.06966773847802786
0 0.5934182590233545 0.304930332261522 0.13800424628450106 0.15541264737406216
9 0.21231422505307856 0.18488745980707397 0.09129511677282377 0.07181136120042872
7 0.24681528662420382 0.5069667738478028 0.21337579617834396 0.2808145766345123
8 0.5907643312101911 0.29314040728831725 0.1624203821656051 0.1939978563772776
3 0.578556263269639 0.669882100750268 0.4012738853503185 0.2057877813504823
7 0.5907643312101911 0.29314040728831725 0.1624203821656051 0.1939978563772776
6 0.2643312101910828 0.39764201500535906 0.09341825902335456 0.06645230439442658
9 0.16295116772823778 0.5080385852090032 0.03927813163481953 0.055734190782422297
6 0.24681528662420382 0.5069667738478028 0.21337579617834396 0.2808145766345123
