11 0.1513671875 0.7607421875 0.068359375 0.109375
0 0.55419921875 0.30078125 0.0908203125 0.08203125
0 0.55322265625 0.3076171875 0.0888671875 0.083984375
10 0.1591796875 0.76513671875 0.09765625 0.1123046875
10 0.1513671875 0.7607421875 0.068359375 0.109375
11 0.7998046875 0.82177734375 0.044921875 0.0771484375
11 0.783203125 0.80615234375 0.068359375 0.0908203125
11 0.7900390625 0.8046875 0.064453125 0.1015625
10 0.7900390625 0.8046875 0.064453125 0.1015625
10 0.783203125 0.80615234375 0.068359375 0.0908203125
11 0.1591796875 0.76513671875 0.09765625 0.1123046875
11 0.15283203125 0.7529296875 0.0771484375 0.134765625
10 0.15283203125 0.7529296875 0.0771484375 0.134765625
10 0.7998046875 0.82177734375 0.044921875 0.0771484375
