10 0.06770833333333333 0.6489583333333333 0.09895833333333333 0.09583333333333334
9 0.052734375 0.41770833333333335 0.10546875 0.39375
9 0.669921875 0.08385416666666666 0.2799479166666667 0.14479166666666668
9 0.568359375 0.44583333333333336 0.05859375 0.20208333333333334
0 0.517578125 0.3302083333333333 0.11067708333333333 0.08125
11 0.06770833333333333 0.6489583333333333 0.09895833333333333 0.09583333333333334
7 0.23502604166666666 0.4119791666666667 0.2955729166666667 0.440625
0 0.5266927083333334 0.3484375 0.10286458333333333 0.10729166666666666
9 0.4108072916666667 0.09375 0.7669270833333334 0.17916666666666667
9 0.11393229166666667 0.4895833333333333 0.22526041666666666 0.5416666666666666
13 0.8190104166666666 0.6177083333333333 0.078125 0.029166666666666667
9 0.6484375 0.07447916666666667 0.1953125 0.121875
9 0.19075520833333334 0.0890625 0.3372395833333333 0.16770833333333332
9 0.22330729166666666 0.09010416666666667 0.3268229166666667 0.14895833333333333
9 0.059895833333333336 0.4171875 0.11458333333333333 0.3697916666666667
