8 0.7395833333333334 0.3953125 0.08333333333333333 0.071875
4 0.7395833333333334 0.3932291666666667 0.09114583333333333 0.08020833333333334
13 0.6809895833333334 0.3171875 0.09114583333333333 0.08229166666666667
8 0.7395833333333334 0.3932291666666667 0.09114583333333333 0.08020833333333334
7 0.6875 0.5734375 0.2109375 0.16979166666666667
7 0.7434895833333334 0.39166666666666666 0.09635416666666667 0.07291666666666667
13 0.677734375 0.32447916666666665 0.08463541666666667 0.078125
7 0.6803385416666666 0.4583333333333333 0.21744791666666666 0.29583333333333334
4 0.7395833333333334 0.3953125 0.08333333333333333 0.071875
4 0.6354166666666666 0.42552083333333335 0.11458333333333333 0.18229166666666666
7 0.6666666666666666 0.47760416666666666 0.265625 0.35104166666666664
13 0.69140625 0.33177083333333335 0.1171875 0.103125
8 0.7434895833333334 0.39166666666666666 0.09635416666666667 0.07291666666666667
11 0.6634114583333334 0.234375 0.26953125 0.19583333333333333
