11 0.12109375 0.709375 0.041666666666666664 0.04375
9 0.51953125 0.32135416666666666 0.328125 0.21770833333333334
11 0.126953125 0.70625 0.04296875 0.041666666666666664
10 0.12109375 0.709375 0.041666666666666664 0.04375
11 0.9466145833333334 0.7057291666666666 0.046875 0.04895833333333333
0 0.6009114583333334 0.30833333333333335 0.13932291666666666 0.15416666666666667
8 0.515625 0.29739583333333336 0.3125 0.23020833333333332
7 0.515625 0.29739583333333336 0.3125 0.23020833333333332
9 0.3854166666666667 0.3385416666666667 0.11197916666666667 0.15833333333333333
11 0.9459635416666666 0.7015625 0.03515625 0.04895833333333333
10 0.123046875 0.6953125 0.06640625 0.03854166666666667
10 0.126953125 0.70625 0.04296875 0.041666666666666664
10 0.9466145833333334 0.7057291666666666 0.046875 0.04895833333333333
11 0.123046875 0.6953125 0.06640625 0.03854166666666667
10 0.9459635416666666 0.7015625 0.03515625 0.04895833333333333
8 0.51953125 0.32135416666666666 0.328125 0.21770833333333334
