1 0.2923177083333333 0.30416666666666664 0.11588541666666667 0.17083333333333334
0 0.544921875 0.43802083333333336 0.12890625 0.178125
11 0.14127604166666666 0.64375 0.055989583333333336 0.20416666666666666
9 0.21028645833333334 0.6234375 0.10546875 0.13854166666666667
10 0.12760416666666666 0.7979166666666667 0.046875 0.05416666666666667
11 0.30078125 0.3098958333333333 0.15625 0.109375
10 0.13606770833333334 0.7770833333333333 0.053385416666666664 0.08958333333333333
11 0.2760416666666667 0.3411458333333333 0.15364583333333334 0.221875
13 0.22005208333333334 0.42135416666666664 0.09375 0.03229166666666667
11 0.12760416666666666 0.7979166666666667 0.046875 0.05416666666666667
11 0.12369791666666667 0.8020833333333334 0.041666666666666664 0.06666666666666667
0 0.5462239583333334 0.43333333333333335 0.13151041666666666 0.16041666666666668
13 0.69140625 0.3 0.0390625 0.03125
13 0.2727864583333333 0.48802083333333335 0.11067708333333333 0.3385416666666667
11 0.13606770833333334 0.7770833333333333 0.053385416666666664 0.08958333333333333
10 0.12369791666666667 0.8020833333333334 0.041666666666666664 0.06666666666666667
13 0.25 0.40520833333333334 0.14322916666666666 0.14166666666666666
1 0.2727864583333333 0.48802083333333335 0.11067708333333333 0.3385416666666667
13 0.203125 0.6307291666666667 0.09895833333333333 0.13020833333333334
