4 0.6679216867469879 0.2774798927613941 0.2003012048192771 0.2064343163538874
0 0.5753012048192772 0.299597855227882 0.12349397590361445 0.1193029490616622
1 0.6694277108433735 0.2225201072386059 0.21234939759036145 0.17962466487935658
0 0.5579819277108434 0.2915549597855228 0.15210843373493976 0.13270777479892762
3 0.5707831325301205 0.6045576407506702 0.46987951807228917 0.1126005361930295
3 0.5647590361445783 0.6179624664879356 0.45481927710843373 0.128686327077748
3 0.5662650602409639 0.5777479892761395 0.4578313253012048 0.1260053619302949
7 0.6694277108433735 0.2225201072386059 0.21234939759036145 0.17962466487935658
4 0.6671686746987951 0.2520107238605898 0.23493975903614459 0.2761394101876676
7 0.6671686746987951 0.2520107238605898 0.23493975903614459 0.2761394101876676
