7 0.23502604166666666 0.46770833333333334 0.17838541666666666 0.09166666666666666
7 0.22526041666666666 0.484375 0.17447916666666666 0.12083333333333333
7 0.23502604166666666 0.48125 0.20963541666666666 0.125
6 0.23502604166666666 0.46770833333333334 0.17838541666666666 0.09166666666666666
0 0.56640625 0.29791666666666666 0.08072916666666667 0.06666666666666667
3 0.5592447916666666 0.5151041666666667 0.39453125 0.140625
3 0.5618489583333334 0.5447916666666667 0.3919270833333333 0.11666666666666667
0 0.5533854166666666 0.31145833333333334 0.10416666666666667 0.09583333333333334
7 0.7408854166666666 0.5322916666666667 0.15104166666666666 0.14791666666666667
3 0.5592447916666666 0.5458333333333333 0.3971354166666667 0.09166666666666666
