13 0.7044917257683215 0.2275390625 0.12293144208037825 0.0703125
11 0.5608747044917257 0.15185546875 0.11465721040189125 0.0302734375
3 0.5472813238770685 0.63671875 0.3829787234042553 0.119140625
11 0.5862884160756501 0.1533203125 0.16548463356973994 0.0390625
0 0.5313238770685579 0.3515625 0.17375886524822695 0.1484375
0 0.5443262411347518 0.32958984375 0.1453900709219858 0.1103515625
11 0.34574468085106386 0.1845703125 0.08156028368794327 0.01953125
11 0.58451536643026 0.15478515625 0.17848699763593381 0.0341796875
3 0.5455082742316785 0.626953125 0.40070921985815605 0.109375
0 0.5549645390070922 0.33740234375 0.14066193853427897 0.1279296875
