3 0.5247395833333334 0.5109375 0.4375 0.13020833333333334
10 0.169921875 0.5177083333333333 0.24088541666666666 0.16041666666666668
7 0.26171875 0.46197916666666666 0.23697916666666666 0.11979166666666667
0 0.5299479166666666 0.325 0.125 0.11458333333333333
0 0.521484375 0.3234375 0.13411458333333334 0.10104166666666667
7 0.23111979166666666 0.4666666666666667 0.23567708333333334 0.06666666666666667
3 0.544921875 0.5125 0.4231770833333333 0.13958333333333334
3 0.5403645833333334 0.496875 0.4166666666666667 0.10625
10 0.23828125 0.4875 0.3098958333333333 0.20416666666666666
0 0.5319010416666666 0.321875 0.08984375 0.09583333333333334
10 0.24283854166666666 0.5505208333333333 0.3502604166666667 0.21770833333333334
