3 0.5889781859931114 0.5620192307692308 0.44087256027554533 0.2048076923076923
11 0.6366245694603904 0.09375 0.1044776119402985 0.025961538461538463
9 0.7824339839265212 0.052403846153846155 0.1756601607347876 0.09519230769230769
9 0.9747416762342136 0.6692307692307692 0.03214695752009185 0.12884615384615383
11 0.12227324913892078 0.625 0.021814006888633754 0.06153846153846154
3 0.5878300803673938 0.5514423076923077 0.4362801377726751 0.2201923076923077
9 0.21354764638346727 0.41971153846153847 0.3857634902411022 0.29134615384615387
10 0.12227324913892078 0.625 0.021814006888633754 0.06153846153846154
9 0.7273249138920781 0.051923076923076926 0.25602755453501724 0.1
9 0.18082663605051666 0.07836538461538461 0.25832376578645233 0.12596153846153846
11 0.4024110218140069 0.10625 0.08610792192881746 0.01826923076923077
9 0.19632606199770378 0.37548076923076923 0.36739380022962115 0.20096153846153847
9 0.0642939150401837 0.6384615384615384 0.08266360505166476 0.6057692307692307
9 0.04649827784156142 0.6831730769230769 0.07233065442020666 0.6163461538461539
3 0.5843857634902411 0.5581730769230769 0.4454649827784156 0.21057692307692308
0 0.5918484500574053 0.2548076923076923 0.13662456946039037 0.13076923076923078
7 0.21354764638346727 0.41971153846153847 0.3857634902411022 0.29134615384615387
9 0.7273249138920781 0.055288461538461536 0.2629161882893226 0.10288461538461538
9 0.20551090700344432 0.06538461538461539 0.3283582089552239 0.125
9 0.06142365097588978 0.6634615384615384 0.10677382319173363 0.6480769230769231
9 0.19862227324913892 0.05721153846153846 0.3237657864523536 0.10288461538461538
11 0.6452353616532721 0.09278846153846154 0.1148105625717566 0.020192307692307693
11 0.4081515499425947 0.10625 0.04247990815154994 0.016346153846153847
0 0.595292766934558 0.26298076923076924 0.13203214695752008 0.14711538461538462
0 0.5889781859931114 0.25432692307692306 0.1446613088404133 0.12403846153846154
