8 0.780373831775701 0.5424335378323109 0.0630841121495327 0.0541922290388548
8 0.7797897196261683 0.5444785276073619 0.07593457943925233 0.0541922290388548
8 0.7751168224299065 0.5470347648261759 0.06658878504672897 0.05521472392638037
8 0.8785046728971962 0.5403885480572597 0.0514018691588785 0.04396728016359918
8 0.8364485981308412 0.6492842535787321 0.04439252336448598 0.049079754601226995
11 0.06542056074766354 0.8098159509202454 0.04672897196261682 0.07770961145194274
11 0.0683411214953271 0.8215746421267893 0.04088785046728972 0.03783231083844581
0 0.5934579439252337 0.3343558282208589 0.1261682242990654 0.11042944785276074
7 0.7751168224299065 0.5470347648261759 0.06658878504672897 0.05521472392638037
0 0.5899532710280374 0.34611451942740284 0.1261682242990654 0.1441717791411043
10 0.06542056074766354 0.8098159509202454 0.04672897196261682 0.07770961145194274
8 0.8796728971962616 0.5383435582822086 0.04672897196261682 0.03987730061349693
11 0.38492990654205606 0.13190184049079753 0.12266355140186916 0.03067484662576687
8 0.8358644859813084 0.65439672801636 0.052570093457943924 0.04703476482617587
11 0.3860981308411215 0.13241308793456033 0.11098130841121495 0.02965235173824131
8 0.8761682242990654 0.5383435582822086 0.04205607476635514 0.046012269938650305
10 0.0683411214953271 0.8215746421267893 0.04088785046728972 0.03783231083844581
8 0.8405373831775701 0.6533742331288344 0.0455607476635514 0.049079754601226995
