10 0.8812316715542522 0.7448979591836735 0.026392961876832845 0.07082833133253301
9 0.13563049853372433 0.7172869147659063 0.09530791788856305 0.058823529411764705
8 0.841642228739003 0.6530612244897959 0.03812316715542522 0.031212484993997598
8 0.23313782991202345 0.32533013205282113 0.02346041055718475 0.024009603841536616
3 0.5953079178885631 0.6500600240096038 0.4252199413489736 0.13085234093637454
0 0.5806451612903226 0.34213685474189676 0.11436950146627566 0.08883553421368548
10 0.06451612903225806 0.762905162064826 0.020527859237536656 0.030012004801920768
11 0.06451612903225806 0.762905162064826 0.020527859237536656 0.030012004801920768
0 0.5791788856304986 0.3349339735894358 0.11436950146627566 0.08403361344537816
8 0.23020527859237536 0.32653061224489793 0.02346041055718475 0.01920768307322929
11 0.8812316715542522 0.7448979591836735 0.026392961876832845 0.07082833133253301
