5 0.7641277641277642 0.388268156424581 0.27764127764127766 0.6245810055865921
5 0.7807125307125307 0.5094972067039106 0.273955773955774 0.37094972067039106
5 0.2524570024570025 0.38491620111731845 0.4189189189189189 0.6022346368715084
3 0.5988943488943489 0.5675977653631284 0.5294840294840295 0.23016759776536314
2 0.64004914004914 0.2798882681564246 0.085995085995086 0.12625698324022347
0 0.621007371007371 0.2849162011173184 0.1511056511056511 0.1564245810055866
5 0.23771498771498772 0.5016759776536313 0.37714987714987713 0.39776536312849164
5 0.2843980343980344 0.5301675977653632 0.14864864864864866 0.15754189944134078
5 0.8206388206388207 0.5111731843575419 0.14004914004914004 0.19553072625698323
2 0.64004914004914 0.2837988826815642 0.07862407862407862 0.1318435754189944
