11 0.20609137055837565 0.48994708994708996 0.0649746192893401 0.22433862433862434
13 0.28375634517766496 0.5280423280423281 0.11878172588832488 0.22857142857142856
2 0.22538071065989848 0.5047619047619047 0.09137055837563451 0.1523809523809524
2 0.7776649746192893 0.362962962962963 0.07106598984771574 0.12698412698412698
2 0.7893401015228426 0.44603174603174606 0.1065989847715736 0.28888888888888886
2 0.2147208121827411 0.7835978835978836 0.08020304568527918 0.06878306878306878
11 0.17715736040609137 0.5052910052910053 0.03147208121827411 0.13862433862433862
11 0.7776649746192893 0.362962962962963 0.07106598984771574 0.12698412698412698
8 0.2862944162436548 0.8301587301587302 0.026395939086294416 0.026455026455026454
2 0.19441624365482232 0.5349206349206349 0.029441624365482234 0.1365079365079365
13 0.2563451776649746 0.4783068783068783 0.02131979695431472 0.07195767195767196
8 0.7365482233502538 0.2962962962962963 0.009137055837563452 0.010582010582010581
8 0.33705583756345175 0.40264550264550264 0.014213197969543147 0.013756613756613757
11 0.8111675126903554 0.5428571428571428 0.046700507614213196 0.10582010582010581
3 0.6030456852791878 0.7063492063492064 0.3817258883248731 0.13862433862433862
2 0.30558375634517765 0.5873015873015873 0.08730964467005076 0.11216931216931217
2 0.20812182741116753 0.5232804232804232 0.048730964467005075 0.11746031746031746
13 0.6802030456852792 0.3328042328042328 0.028426395939086295 0.04126984126984127
2 0.2116751269035533 0.7814814814814814 0.0700507614213198 0.039153439153439155
13 0.7583756345177665 0.32222222222222224 0.018274111675126905 0.030687830687830688
2 0.7918781725888325 0.35873015873015873 0.024365482233502538 0.04656084656084656
6 0.28375634517766496 0.5280423280423281 0.11878172588832488 0.22857142857142856
13 0.3050761421319797 0.6052910052910053 0.08020304568527918 0.091005291005291
0 0.5923857868020305 0.36455026455026457 0.07817258883248732 0.09206349206349207
11 0.8355329949238579 0.571957671957672 0.026395939086294416 0.11957671957671957
0 0.5781725888324873 0.38677248677248677 0.10253807106598985 0.1492063492063492
8 0.801522842639594 0.580952380952381 0.02131979695431472 0.025396825396825397
2 0.7923857868020304 0.3576719576719577 0.025380710659898477 0.0380952380952381
2 0.21116751269035533 0.7862433862433862 0.07309644670050762 0.0656084656084656
8 0.8233502538071066 0.4793650793650794 0.018274111675126905 0.016931216931216932
