13 0.7395833333333334 0.71875 0.044270833333333336 0.05625
13 0.5970052083333334 0.27447916666666666 0.12369791666666667 0.121875
9 0.3483072916666667 0.53125 0.037760416666666664 0.04375
2 0.609375 0.31145833333333334 0.08854166666666667 0.035416666666666666
8 0.265625 0.42135416666666664 0.11458333333333333 0.042708333333333334
13 0.3483072916666667 0.53125 0.037760416666666664 0.04375
2 0.5970052083333334 0.27447916666666666 0.12369791666666667 0.121875
2 0.2565104166666667 0.5609375 0.03125 0.036458333333333336
8 0.265625 0.3572916666666667 0.049479166666666664 0.04583333333333333
8 0.5690104166666666 0.30364583333333334 0.020833333333333332 0.013541666666666667
8 0.3463541666666667 0.5328125 0.044270833333333336 0.04895833333333333
13 0.7083333333333334 0.5265625 0.0546875 0.034375
8 0.7083333333333334 0.5265625 0.0546875 0.034375
8 0.19205729166666666 0.515625 0.06380208333333333 0.041666666666666664
2 0.3483072916666667 0.53125 0.037760416666666664 0.04375
2 0.58203125 0.22760416666666666 0.09895833333333333 0.109375
2 0.34375 0.21354166666666666 0.07291666666666667 0.07291666666666667
2 0.7044270833333334 0.521875 0.0703125 0.0375
2 0.1953125 0.51875 0.049479166666666664 0.03958333333333333
8 0.6419270833333334 0.32395833333333335 0.020833333333333332 0.0125
2 0.72265625 0.5885416666666666 0.059895833333333336 0.06041666666666667
2 0.265625 0.42083333333333334 0.10677083333333333 0.03958333333333333
11 0.34375 0.21354166666666666 0.07291666666666667 0.07291666666666667
9 0.25390625 0.5619791666666667 0.03125 0.036458333333333336
13 0.25390625 0.5619791666666667 0.03125 0.036458333333333336
2 0.345703125 0.5296875 0.040364583333333336 0.04895833333333333
8 0.2545572916666667 0.5619791666666667 0.032552083333333336 0.042708333333333334
2 0.265625 0.35520833333333335 0.052083333333333336 0.03958333333333333
2 0.5729166666666666 0.24010416666666667 0.07291666666666667 0.06145833333333333
2 0.7083333333333334 0.5265625 0.0546875 0.034375
8 0.712890625 0.5234375 0.061197916666666664 0.036458333333333336
2 0.7421875 0.7203125 0.03125 0.046875
2 0.7395833333333334 0.71875 0.044270833333333336 0.05625
8 0.7337239583333334 0.6020833333333333 0.03515625 0.022916666666666665
13 0.2682291666666667 0.35885416666666664 0.046875 0.030208333333333334
8 0.7213541666666666 0.5833333333333334 0.059895833333333336 0.0625
13 0.19466145833333334 0.5203125 0.053385416666666664 0.03854166666666667
11 0.58203125 0.22760416666666666 0.09895833333333333 0.109375
2 0.3580729166666667 0.2234375 0.049479166666666664 0.06145833333333333
