11 0.33419689119170987 0.17693014705882354 0.19585492227979276 0.07628676470588236
11 0.338860103626943 0.1948529411764706 0.25077720207253884 0.07169117647058823
3 0.5927461139896373 0.6783088235294118 0.44766839378238343 0.17463235294117646
11 0.7082901554404145 0.21645220588235295 0.23730569948186528 0.09834558823529412
0 0.5652849740932643 0.3524816176470588 0.11295336787564766 0.07628676470588236
3 0.6010362694300518 0.6709558823529411 0.44352331606217615 0.14154411764705882
11 0.8979274611398964 0.7927389705882353 0.05077720207253886 0.06341911764705882
0 0.5704663212435234 0.3635110294117647 0.10466321243523316 0.11672794117647059
0 0.5746113989637306 0.36121323529411764 0.09430051813471503 0.09558823529411764
11 0.7041450777202073 0.19852941176470587 0.2 0.07169117647058823
3 0.6005181347150259 0.640625 0.43005181347150256 0.18933823529411764
