2 0.7330729166666666 0.7208333333333333 0.08072916666666667 0.052083333333333336
2 0.6875 0.34739583333333335 0.19270833333333334 0.146875
13 0.71875 0.41510416666666666 0.16666666666666666 0.26145833333333335
13 0.6875 0.34739583333333335 0.19270833333333334 0.146875
8 0.744140625 0.5208333333333334 0.07161458333333333 0.04583333333333333
2 0.744140625 0.5208333333333334 0.07161458333333333 0.04583333333333333
2 0.70703125 0.3619791666666667 0.15364583333333334 0.14895833333333333
2 0.7421875 0.5197916666666667 0.08333333333333333 0.04583333333333333
8 0.71875 0.41510416666666666 0.16666666666666666 0.26145833333333335
13 0.728515625 0.7208333333333333 0.06380208333333333 0.04583333333333333
8 0.728515625 0.7208333333333333 0.06380208333333333 0.04583333333333333
13 0.7421875 0.5197916666666667 0.08333333333333333 0.04583333333333333
8 0.7317708333333334 0.725 0.08072916666666667 0.058333333333333334
13 0.7317708333333334 0.725 0.08072916666666667 0.058333333333333334
13 0.70703125 0.3619791666666667 0.15364583333333334 0.14895833333333333
8 0.6875 0.34739583333333335 0.19270833333333334 0.146875
13 0.7330729166666666 0.7208333333333333 0.08072916666666667 0.052083333333333336
