3 0.6247987117552335 0.6302083333333334 0.4605475040257649 0.11458333333333333
11 0.32608695652173914 0.12946428571428573 0.19484702093397746 0.047619047619047616
3 0.6352657004830918 0.609375 0.44605475040257647 0.13839285714285715
3 0.6360708534621579 0.6361607142857143 0.4476650563607085 0.1324404761904762
11 0.7238325281803543 0.14434523809523808 0.12077294685990338 0.05357142857142857
3 0.5660225442834138 0.31398809523809523 0.10466988727858294 0.14285714285714285
11 0.2962962962962963 0.14583333333333334 0.13848631239935588 0.041666666666666664
0 0.5531400966183575 0.2916666666666667 0.13043478260869565 0.09523809523809523
11 0.5925925925925926 0.13541666666666666 0.07729468599033816 0.05654761904761905
0 0.5692431561996779 0.29836309523809523 0.1111111111111111 0.11755952380952381
