0 0.5520833333333334 0.34010416666666665 0.11197916666666667 0.11770833333333333
13 0.21614583333333334 0.5572916666666666 0.234375 0.13958333333333334
3 0.5631510416666666 0.5864583333333333 0.42578125 0.14375
10 0.201171875 0.584375 0.13411458333333334 0.13958333333333334
3 0.5690104166666666 0.5770833333333333 0.4401041666666667 0.19166666666666668
13 0.2571614583333333 0.5171875 0.19661458333333334 0.030208333333333334
7 0.2109375 0.5380208333333333 0.11458333333333333 0.057291666666666664
0 0.5286458333333334 0.3421875 0.15364583333333334 0.11979166666666667
3 0.5572916666666666 0.5822916666666667 0.4244791666666667 0.12916666666666668
13 0.244140625 0.5119791666666667 0.10807291666666667 0.030208333333333334
0 0.5390625 0.3255208333333333 0.1015625 0.08229166666666667
