11 0.38161209068010077 0.226890756302521 0.11335012594458438 0.018907563025210083
11 0.3413098236775819 0.23739495798319327 0.10831234256926953 0.031512605042016806
7 0.7443324937027708 0.5126050420168067 0.1964735516372796 0.17436974789915966
13 0.7405541561712846 0.45483193277310924 0.23425692695214106 0.07983193277310924
7 0.7285894206549118 0.49107142857142855 0.22040302267002518 0.19432773109243698
10 0.7512594458438288 0.5992647058823529 0.25818639798488663 0.2342436974789916
3 0.5409319899244333 0.6292016806722689 0.3967254408060453 0.16176470588235295
10 0.7953400503778337 0.592436974789916 0.2455919395465995 0.32142857142857145
11 0.7651133501259446 0.2757352941176471 0.15239294710327456 0.09978991596638656
11 0.7304785894206549 0.2415966386554622 0.13602015113350127 0.046218487394957986
13 0.7481108312342569 0.4495798319327731 0.1889168765743073 0.07983193277310924
7 0.7468513853904282 0.5225840336134454 0.1561712846347607 0.15231092436974789
0 0.5610831234256927 0.3786764705882353 0.11460957178841309 0.11239495798319328
11 0.6643576826196473 0.23634453781512604 0.11712846347607053 0.025210084033613446
10 0.7506297229219143 0.5561974789915967 0.23173803526448364 0.3329831932773109
