7 0.7779411764705882 0.43000914913083255 0.19509803921568628 0.3897529734675206
4 0.31862745098039214 0.3595608417200366 0.21764705882352942 0.3513266239707228
0 0.5740196078431372 0.2982616651418115 0.12058823529411765 0.10978956999085086
9 0.1450980392156863 0.2598353156450137 0.12156862745098039 0.2140896614821592
9 0.7308823529411764 0.35635864592863675 0.2107843137254902 0.25343092406221407
9 0.246078431372549 0.4089661482159195 0.45294117647058824 0.31473010064043916
0 0.5769607843137254 0.3083257090576395 0.11078431372549019 0.12991765782250686
7 0.31862745098039214 0.3595608417200366 0.21764705882352942 0.3513266239707228
7 0.3284313725490196 0.38014638609332113 0.20980392156862746 0.3302836230558097
12 0.27205882352941174 0.40530649588289114 0.3696078431372549 0.6239707227813358
9 0.07745098039215687 0.702195791399817 0.13725490196078433 0.5699908508691675
3 0.553921568627451 0.5860018298261666 0.3843137254901961 0.10521500457456541
9 0.7887254901960784 0.3787740164684355 0.3323529411764706 0.23970722781335774
4 0.32254901960784316 0.3934126258005489 0.20392156862745098 0.24702653247941445
9 0.10931372549019608 0.5407136322049405 0.21470588235294116 0.8472095150960659
9 0.7200980392156863 0.043000914913083256 0.18529411764705883 0.08600182982616651
9 0.1 0.5690759377859104 0.16862745098039217 0.8014638609332113
9 0.3044117647058823 0.07593778591033852 0.1284313725490196 0.14089661482159194
9 0.30245098039215684 0.07639524245196706 0.12254901960784313 0.12168344007319305
9 0.5352941176470588 0.06495882891125343 0.596078431372549 0.1262580054894785
9 0.6661764705882353 0.0626715462031107 0.15784313725490196 0.10521500457456541
