8 0.8182640144665461 0.7244718309859155 0.023508137432188065 0.017605633802816902
0 0.575497287522604 0.41241197183098594 0.0949367088607595 0.0625
13 0.2721518987341772 0.34066901408450706 0.048824593128390596 0.022887323943661973
8 0.3910488245931284 0.43882042253521125 0.06057866184448463 0.10299295774647887
3 0.5750452079566004 0.7108274647887324 0.42495479204339964 0.17517605633802816
8 0.8187160940325497 0.7240316901408451 0.022603978300180832 0.018485915492957746
13 0.2793851717902351 0.3274647887323944 0.06329113924050633 0.06690140845070422
8 0.3087703435804702 0.5994718309859155 0.015370705244122965 0.014084507042253521
13 0.3096745027124774 0.355193661971831 0.12929475587703435 0.08890845070422536
8 0.6763110307414105 0.4784330985915493 0.05605786618444846 0.11883802816901408
8 0.8250452079566004 0.7627640845070423 0.04430379746835443 0.022007042253521125
8 0.39285714285714285 0.43441901408450706 0.06238698010849909 0.09242957746478873
9 0.6238698010849909 0.47403169014084506 0.02531645569620253 0.037852112676056336
13 0.3259493670886076 0.3701584507042254 0.06057866184448463 0.04137323943661972
9 0.3883363471971067 0.4942781690140845 0.06600361663652803 0.2244718309859155
9 0.6754068716094033 0.48723591549295775 0.05063291139240506 0.21214788732394366
2 0.3883363471971067 0.4942781690140845 0.06600361663652803 0.2244718309859155
8 0.7025316455696202 0.5422535211267606 0.11754068716094032 0.06338028169014084
13 0.8182640144665461 0.7244718309859155 0.023508137432188065 0.017605633802816902
8 0.3069620253164557 0.5994718309859155 0.020795660036166366 0.01584507042253521
3 0.569620253164557 0.695862676056338 0.4321880650994575 0.14172535211267606
3 0.5858951175406871 0.7037852112676056 0.4412296564195298 0.15580985915492956
0 0.581374321880651 0.4414612676056338 0.11211573236889692 0.13468309859154928
7 0.3309222423146474 0.375 0.07414104882459313 0.0528169014084507
2 0.6754068716094033 0.48723591549295775 0.05063291139240506 0.21214788732394366
8 0.6238698010849909 0.47403169014084506 0.02531645569620253 0.037852112676056336
