7 0.6225701943844493 0.2076837416481069 0.07667386609071274 0.12360801781737193
0 0.5669546436285097 0.3368596881959911 0.14254859611231102 0.13919821826280623
8 0.21706263498920086 0.3685968819599109 0.008639308855291577 0.008908685968819599
11 0.326133909287257 0.13140311804008908 0.1468682505399568 0.0645879732739421
13 0.3666306695464363 0.17538975501113585 0.04643628509719223 0.08129175946547884
8 0.6258099352051836 0.20879732739420936 0.08315334773218143 0.11024498886414254
11 0.341792656587473 0.1475501113585746 0.15010799136069114 0.052338530066815145
10 0.12742980561555076 0.7973273942093542 0.019438444924406047 0.0378619153674833
3 0.5577753779697624 0.6937639198218263 0.40496760259179265 0.16703786191536749
7 0.6079913606911447 0.19265033407572382 0.11879049676025918 0.15367483296213807
11 0.12742980561555076 0.7973273942093542 0.019438444924406047 0.0378619153674833
11 0.3180345572354212 0.13530066815144767 0.12203023758099352 0.052338530066815145
