11 0.8408203125 0.85791015625 0.0390625 0.0400390625
9 0.12158203125 0.19140625 0.1357421875 0.0859375
5 0.794921875 0.62548828125 0.16796875 0.3896484375
11 0.27880859375 0.828125 0.0478515625 0.072265625
11 0.8388671875 0.8349609375 0.05078125 0.05078125
5 0.36328125 0.57080078125 0.205078125 0.4716796875
9 0.361328125 0.60888671875 0.232421875 0.2900390625
5 0.78515625 0.587890625 0.171875 0.17578125
10 0.27880859375 0.828125 0.0478515625 0.072265625
9 0.11572265625 0.1923828125 0.1416015625 0.08203125
11 0.6904296875 0.14013671875 0.09375 0.0263671875
13 0.3701171875 0.5859375 0.072265625 0.033203125
5 0.82080078125 0.69140625 0.0908203125 0.2578125
10 0.8388671875 0.8349609375 0.05078125 0.05078125
5 0.361328125 0.60888671875 0.232421875 0.2900390625
9 0.1201171875 0.18994140625 0.140625 0.1044921875
5 0.3056640625 0.6513671875 0.08984375 0.228515625
11 0.287109375 0.83984375 0.029296875 0.04296875
9 0.78515625 0.587890625 0.171875 0.17578125
