8 0.7122186495176849 0.20632368703108253 0.02465166130760986 0.06109324758842444
11 0.6993569131832797 0.44962486602357987 0.11039657020364416 0.15969989281886388
11 0.755091103965702 0.744908896034298 0.18756698821007503 0.0857449088960343
2 0.2829581993569132 0.7266881028938906 0.21221864951768488 0.07288317256162916
7 0.8156484458735263 0.6463022508038585 0.01929260450160772 0.07288317256162916
11 0.2947481243301179 0.7282958199356914 0.2465166130760986 0.05680600214362272
7 0.27063236870310825 0.43193997856377275 0.10182207931404073 0.10503751339764202
2 0.26688102893890675 0.42711682743837087 0.1157556270096463 0.1232583065380493
11 0.2829581993569132 0.7266881028938906 0.21221864951768488 0.07288317256162916
13 0.21972132904608788 0.417470525187567 0.030010718113612004 0.10396570203644159
11 0.2808145766345123 0.6002143622722401 0.21007502679528403 0.16934619506966775
8 0.7111468381564845 0.20310825294748125 0.022508038585209004 0.06109324758842444
2 0.755091103965702 0.744908896034298 0.18756698821007503 0.0857449088960343
11 0.8156484458735263 0.6237942122186495 0.03644158628081458 0.1157556270096463
11 0.26688102893890675 0.42711682743837087 0.1157556270096463 0.1232583065380493
3 0.5739549839228296 0.635048231511254 0.36977491961414793 0.14683815648445875
11 0.2754555198285102 0.6141479099678456 0.1757770632368703 0.12861736334405144
7 0.2877813504823151 0.612540192926045 0.20471596998928188 0.14255091103965703
11 0.34565916398713825 0.2942122186495177 0.14683815648445875 0.17256162915326903
2 0.2808145766345123 0.6002143622722401 0.21007502679528403 0.16934619506966775
2 0.2754555198285102 0.6141479099678456 0.1757770632368703 0.12861736334405144
2 0.3445873526259378 0.29314040728831725 0.14469453376205788 0.17041800643086816
11 0.3445873526259378 0.29314040728831725 0.14469453376205788 0.17041800643086816
2 0.7036441586280815 0.5809217577706324 0.25616291532690244 0.2529474812433012
11 0.2877813504823151 0.612540192926045 0.20471596998928188 0.14255091103965703
11 0.27063236870310825 0.43193997856377275 0.10182207931404073 0.10503751339764202
11 0.8344051446945338 0.782422293676313 0.03751339764201501 0.055734190782422297
11 0.2690246516613076 0.43569131832797425 0.10932475884244373 0.1189710610932476
11 0.3478027867095391 0.2952840300107181 0.14255091103965703 0.17470525187566988
11 0.7561629153269025 0.7427652733118971 0.19185423365487675 0.09646302250803858
2 0.7154340836012861 0.19989281886387997 0.02679528403001072 0.06966773847802786
11 0.2845659163987138 0.7266881028938906 0.21972132904608788 0.08788853161843516
11 0.7036441586280815 0.5809217577706324 0.25616291532690244 0.2529474812433012
2 0.8156484458735263 0.6237942122186495 0.03644158628081458 0.1157556270096463
2 0.2947481243301179 0.7282958199356914 0.2465166130760986 0.05680600214362272
7 0.7518756698821008 0.4603429796355841 0.03536977491961415 0.06109324758842444
2 0.7443729903536977 0.7379421221864951 0.1832797427652733 0.09110396570203644
2 0.2690246516613076 0.43569131832797425 0.10932475884244373 0.1189710610932476
8 0.6511254019292605 0.21114683815648447 0.05037513397642015 0.03858520900321544
2 0.2845659163987138 0.7266881028938906 0.21972132904608788 0.08788853161843516
11 0.7443729903536977 0.7379421221864951 0.1832797427652733 0.09110396570203644
2 0.7561629153269025 0.7427652733118971 0.19185423365487675 0.09646302250803858
2 0.34565916398713825 0.2942122186495177 0.14683815648445875 0.17256162915326903
2 0.6993569131832797 0.44962486602357987 0.11039657020364416 0.15969989281886388
0 0.5643086816720257 0.30439442658092175 0.11254019292604502 0.10932475884244373
2 0.3478027867095391 0.2952840300107181 0.14255091103965703 0.17470525187566988
0 0.564844587352626 0.31136120042872456 0.11146838156484459 0.12754555198285103
10 0.8344051446945338 0.782422293676313 0.03751339764201501 0.055734190782422297
