13 0.18695014662756598 0.3907563025210084 0.06304985337243402 0.025210084033613446
6 0.7111436950146628 0.3433373349339736 0.21114369501466276 0.28811524609843936
11 0.843108504398827 0.726890756302521 0.03812316715542522 0.056422569027611044
10 0.8394428152492669 0.7214885954381752 0.06304985337243402 0.060024009603841535
6 0.7104105571847508 0.3517406962785114 0.23607038123167157 0.290516206482593
10 0.843108504398827 0.726890756302521 0.03812316715542522 0.056422569027611044
7 0.7111436950146628 0.3433373349339736 0.21114369501466276 0.28811524609843936
11 0.8394428152492669 0.7214885954381752 0.06304985337243402 0.060024009603841535
6 0.23313782991202345 0.3403361344537815 0.093841642228739 0.13805522208883553
11 0.8548387096774194 0.7148859543817527 0.04398826979472141 0.056422569027611044
6 0.751466275659824 0.4885954381752701 0.10410557184750734 0.148859543817527
13 0.6781524926686217 0.3037214885954382 0.13343108504398826 0.2184873949579832
10 0.8548387096774194 0.7148859543817527 0.04398826979472141 0.056422569027611044
13 0.21700879765395895 0.2863145258103241 0.0469208211143695 0.030012004801920768
