9 0.6263020833333334 0.24114583333333334 0.03125 0.03229166666666667
9 0.7578125 0.3828125 0.06770833333333333 0.03229166666666667
9 0.16666666666666666 0.45989583333333334 0.044270833333333336 0.046875
0 0.5813802083333334 0.375 0.11848958333333333 0.0875
8 0.189453125 0.5552083333333333 0.032552083333333336 0.025
13 0.7786458333333334 0.596875 0.16666666666666666 0.05
9 0.8352864583333334 0.5515625 0.037760416666666664 0.04479166666666667
9 0.06770833333333333 0.2682291666666667 0.0390625 0.042708333333333334
11 0.3776041666666667 0.1953125 0.15364583333333334 0.021875
7 0.8567708333333334 0.6552083333333333 0.052083333333333336 0.06458333333333334
8 0.17578125 0.5489583333333333 0.059895833333333336 0.03958333333333333
9 0.1875 0.5552083333333333 0.033854166666666664 0.027083333333333334
8 0.14192708333333334 0.703125 0.03125 0.027083333333333334
9 0.13997395833333334 0.7015625 0.037760416666666664 0.030208333333333334
9 0.833984375 0.41302083333333334 0.037760416666666664 0.028125
11 0.69921875 0.20885416666666667 0.09895833333333333 0.028125
9 0.072265625 0.34322916666666664 0.022135416666666668 0.03229166666666667
9 0.7897135416666666 0.46927083333333336 0.07161458333333333 0.042708333333333334
8 0.4498697916666667 0.3260416666666667 0.05859375 0.052083333333333336
9 0.8606770833333334 0.659375 0.052083333333333336 0.058333333333333334
9 0.8567708333333334 0.6552083333333333 0.052083333333333336 0.06458333333333334
9 0.05078125 0.36041666666666666 0.0234375 0.01875
