13 0.211864406779661 0.6678252234359484 0.11016949152542373 0.044687189672293945
7 0.2457627118644068 0.7437934458788481 0.1843220338983051 0.04369414101290963
9 0.3013771186440678 0.7547169811320755 0.3273305084745763 0.14498510427010924
11 0.12235169491525423 0.7636544190665343 0.028601694915254237 0.0814299900695134
4 0.3013771186440678 0.7547169811320755 0.3273305084745763 0.14498510427010924
13 0.21239406779661016 0.6683217477656405 0.10911016949152542 0.05759682224428997
7 0.2155720338983051 0.7442899702085403 0.1472457627118644 0.028798411122144985
3 0.5725635593220338 0.7611717974180735 0.4819915254237288 0.15988083416087387
3 0.5979872881355932 0.7487586891757696 0.4396186440677966 0.13108242303872888
10 0.22139830508474576 0.7869910625620655 0.21610169491525424 0.1420059582919563
0 0.5815677966101694 0.394240317775571 0.10805084745762712 0.1012909632571996
11 0.2457627118644068 0.7437934458788481 0.1843220338983051 0.04369414101290963
10 0.12235169491525423 0.7636544190665343 0.028601694915254237 0.0814299900695134
0 0.5768008474576272 0.39175769612711026 0.1239406779661017 0.10625620655412116
13 0.2086864406779661 0.6668321747765641 0.11016949152542373 0.05263157894736842
