13 0.3383084577114428 0.44562899786780386 0.06716417910447761 0.03837953091684435
11 0.13619402985074627 0.5831556503198294 0.055970149253731345 0.3283582089552239
11 0.30659203980099503 0.22388059701492538 0.22761194029850745 0.07889125799573561
6 0.24813432835820895 0.5900852878464818 0.1654228855721393 0.25906183368869934
9 0.13121890547263682 0.7260127931769723 0.043532338308457715 0.046908315565031986
7 0.21641791044776118 0.7062899786780383 0.06218905472636816 0.05863539445628998
7 0.23756218905472637 0.5623667377398721 0.15671641791044777 0.19509594882729211
10 0.13432835820895522 0.7510660980810234 0.09701492537313433 0.15884861407249468
11 0.27549751243781095 0.5447761194029851 0.2126865671641791 0.26439232409381663
11 0.3034825870646766 0.21748400852878466 0.18407960199004975 0.04904051172707889
7 0.27549751243781095 0.5447761194029851 0.2126865671641791 0.26439232409381663
10 0.13308457711442787 0.7425373134328358 0.09701492537313433 0.15245202558635396
10 0.16480099502487564 0.7798507462686567 0.17288557213930347 0.07356076759061833
2 0.13992537313432835 0.7132196162046909 0.060945273631840796 0.07249466950959488
