11 0.9233966745843231 0.8963922294172063 0.05344418052256532 0.05920444033302498
11 0.9251781472684085 0.8815911193339501 0.0665083135391924 0.07400555041628122
13 0.27315914489311166 0.45050878815911194 0.2375296912114014 0.2664199814986124
13 0.27375296912114017 0.45652173913043476 0.21971496437054633 0.3135985198889917
13 0.7725653206650831 0.43478260869565216 0.20783847980997625 0.09435707678075855
13 0.7975059382422803 0.43524514338575393 0.19358669833729217 0.08973172987974098
4 0.20486935866983372 0.41951896392229415 0.14845605700712589 0.16558741905642924
13 0.2992874109263658 0.45420906567992597 0.166270783847981 0.24606845513413506
6 0.7725653206650831 0.43478260869565216 0.20783847980997625 0.09435707678075855
6 0.27315914489311166 0.45050878815911194 0.2375296912114014 0.2664199814986124
13 0.7767220902612827 0.44495837187789083 0.25415676959619954 0.1572617946345976
