3 0.5788888888888889 0.576963906581741 0.42444444444444446 0.13481953290870488
0 0.5861111111111111 0.33014861995753714 0.11666666666666667 0.15498938428874734
7 0.2772222222222222 0.5021231422505308 0.2388888888888889 0.26963906581740976
13 0.30666666666666664 0.46709129511677283 0.10222222222222223 0.16560509554140126
0 0.5755555555555556 0.3386411889596603 0.13333333333333333 0.1592356687898089
0 0.5627777777777778 0.31687898089171973 0.1322222222222222 0.12632696390658174
3 0.5761111111111111 0.5536093418259024 0.4122222222222222 0.14118895966029724
3 0.5811111111111111 0.5605095541401274 0.41333333333333333 0.14437367303609341
6 0.2772222222222222 0.5021231422505308 0.2388888888888889 0.26963906581740976
7 0.7877777777777778 0.5047770700636943 0.13555555555555557 0.17940552016985137
7 0.2722222222222222 0.5058386411889597 0.24222222222222223 0.25796178343949044
11 0.37166666666666665 0.16825902335456475 0.16111111111111112 0.0732484076433121
