10 0.8541666666666666 0.6552083333333333 0.1484375 0.14166666666666666
10 0.8984375 0.6291666666666667 0.0546875 0.16458333333333333
3 0.5598958333333334 0.6307291666666667 0.4921875 0.109375
0 0.5709635416666666 0.3625 0.12890625 0.12083333333333333
3 0.5305989583333334 0.6546875 0.48828125 0.121875
11 0.8984375 0.6291666666666667 0.0546875 0.16458333333333333
10 0.8717447916666666 0.6411458333333333 0.11848958333333333 0.08854166666666667
0 0.5625 0.3619791666666667 0.14322916666666666 0.12604166666666666
3 0.5501302083333334 0.6276041666666666 0.4908854166666667 0.13229166666666667
7 0.7884114583333334 0.5979166666666667 0.22265625 0.08958333333333333
