10 0.14453125 0.6239583333333333 0.0546875 0.0875
11 0.14453125 0.6239583333333333 0.0546875 0.0875
13 0.7122395833333334 0.4015625 0.015625 0.017708333333333333
13 0.7493489583333334 0.340625 0.016927083333333332 0.010416666666666666
0 0.525390625 0.3333333333333333 0.11067708333333333 0.0875
13 0.716796875 0.3963541666666667 0.029947916666666668 0.026041666666666668
0 0.5305989583333334 0.3296875 0.09244791666666667 0.078125
0 0.537109375 0.32447916666666665 0.08463541666666667 0.06979166666666667
8 0.7447916666666666 0.3390625 0.015625 0.013541666666666667
3 0.544921875 0.5640625 0.3763020833333333 0.10729166666666666
