5 0.7265395894428153 0.47418967587034816 0.22140762463343108 0.3625450180072029
5 0.7236070381231672 0.4837935174069628 0.22727272727272727 0.33133253301320525
11 0.5989736070381232 0.23949579831932774 0.0747800586510264 0.01800720288115246
3 0.5139296187683284 0.5846338535414166 0.4736070381231672 0.13205282112845138
5 0.20454545454545456 0.4657863145258103 0.24780058651026393 0.3289315726290516
3 0.5095307917888563 0.5666266506602641 0.47653958944281527 0.12484993997599039
5 0.6950146627565983 0.4519807923169268 0.31671554252199413 0.3877551020408163
11 0.2969208211143695 0.22028811524609843 0.12756598240469208 0.04441776710684274
5 0.21041055718475074 0.44537815126050423 0.27126099706744866 0.33133253301320525
0 0.5300586510263929 0.343937575030012 0.1187683284457478 0.1092436974789916
0 0.5373900293255132 0.36494597839135656 0.12756598240469208 0.12484993997599039
11 0.6627565982404692 0.2545018007202881 0.13196480938416422 0.055222088835534214
11 0.34750733137829914 0.19687875150060025 0.1495601173020528 0.03361344537815126
3 0.5153958944281525 0.5990396158463386 0.45894428152492667 0.09603841536614646
13 0.20381231671554254 0.32533013205282113 0.08504398826979472 0.08403361344537816
5 0.2118768328445748 0.47058823529411764 0.250733137829912 0.3025210084033613
