13 0.6152284263959391 0.13496637848222862 0.02233502538071066 0.05475504322766571
0 0.5228426395939086 0.2675312199807877 0.11979695431472082 0.10278578290105668
13 0.3208121827411167 0.25600384245917385 0.14416243654822336 0.07973102785782901
8 0.3928934010152284 0.3852065321805956 0.12791878172588833 0.22094140249759847
11 0.31675126903553297 0.228626320845341 0.2720812182741117 0.19404418828049952
11 0.6233502538071066 0.10758885686839577 0.07715736040609138 0.024975984630163303
9 0.2969543147208122 0.5960614793467819 0.2954314720812183 0.18539865513928913
9 0.3928934010152284 0.3852065321805956 0.12791878172588833 0.22094140249759847
11 0.332994923857868 0.19980787704130643 0.2436548223350254 0.15369836695485112
4 0.3583756345177665 0.19452449567723343 0.10355329949238579 0.06820365033621517
11 0.6182741116751269 0.10038424591738712 0.09949238578680203 0.03362151777137368
13 0.27918781725888325 0.29442843419788667 0.13807106598984772 0.03362151777137368
12 0.27918781725888325 0.29442843419788667 0.13807106598984772 0.03362151777137368
1 0.3065989847715736 0.1926032660902978 0.18883248730964466 0.148895292987512
13 0.30101522842639594 0.2612872238232469 0.19390862944162437 0.11719500480307397
