6 0.3053385416666667 0.49166666666666664 0.18359375 0.1875
8 0.7239583333333334 0.4515625 0.06510416666666667 0.05520833333333333
3 0.5865885416666666 0.5510416666666667 0.4361979166666667 0.11875
0 0.583984375 0.2546875 0.11848958333333333 0.13645833333333332
3 0.583984375 0.5302083333333333 0.4231770833333333 0.13125
0 0.5813802083333334 0.24114583333333334 0.12109375 0.10520833333333333
8 0.7259114583333334 0.4546875 0.06380208333333333 0.046875
0 0.57421875 0.259375 0.12760416666666666 0.14375
9 0.3053385416666667 0.49166666666666664 0.18359375 0.1875
3 0.580078125 0.5369791666666667 0.42578125 0.153125
8 0.7259114583333334 0.4515625 0.06380208333333333 0.046875
