10 0.19270833333333334 0.44375 0.3151041666666667 0.175
0 0.46875 0.24166666666666667 0.12239583333333333 0.11041666666666666
0 0.4830729166666667 0.23333333333333334 0.09895833333333333 0.09791666666666667
9 0.10416666666666667 0.2625 0.036458333333333336 0.03958333333333333
7 0.181640625 0.3765625 0.24348958333333334 0.065625
10 0.173828125 0.43854166666666666 0.2591145833333333 0.15416666666666667
7 0.18033854166666666 0.37447916666666664 0.17317708333333334 0.065625
9 0.10677083333333333 0.2609375 0.03125 0.042708333333333334
0 0.470703125 0.2453125 0.12369791666666667 0.109375
10 0.16015625 0.44427083333333334 0.22916666666666666 0.171875
13 0.15494791666666666 0.3416666666666667 0.1640625 0.06666666666666667
11 0.22005208333333334 0.10104166666666667 0.10416666666666667 0.05625
4 0.21809895833333334 0.3807291666666667 0.10807291666666667 0.059375
3 0.4661458333333333 0.4505208333333333 0.4010416666666667 0.146875
