13 0.6865234375 0.45263671875 0.203125 0.1826171875
13 0.71533203125 0.4248046875 0.1318359375 0.125
13 0.31494140625 0.33837890625 0.2333984375 0.2236328125
6 0.30322265625 0.349609375 0.2236328125 0.294921875
13 0.3310546875 0.318359375 0.25390625 0.27734375
6 0.3310546875 0.318359375 0.25390625 0.27734375
6 0.31494140625 0.33837890625 0.2333984375 0.2236328125
0 0.55712890625 0.3466796875 0.1005859375 0.11328125
4 0.30322265625 0.349609375 0.2236328125 0.294921875
13 0.72265625 0.4130859375 0.123046875 0.115234375
6 0.6865234375 0.45263671875 0.203125 0.1826171875
13 0.30322265625 0.349609375 0.2236328125 0.294921875
