9 0.5181518151815182 0.5118929633300298 0.2684268426842684 0.6610505450941526
9 0.5126512651265126 0.5312190287413281 0.23322332233223322 0.5133795837462835
5 0.2706270627062706 0.31615460852329036 0.11001100110011001 0.17641228939544104
13 0.7387238723872387 0.367195242814668 0.24972497249724973 0.29038652130822595
9 0.506050605060506 0.6005946481665014 0.22442244224422442 0.33696729435084244
6 0.735973597359736 0.354806739345887 0.23542354235423543 0.3012884043607532
5 0.7271727172717272 0.3250743310208127 0.22662266226622663 0.3587710604558969
13 0.7271727172717272 0.3250743310208127 0.22662266226622663 0.3587710604558969
13 0.23432343234323433 0.5272547076313181 0.1496149614961496 0.10109018830525272
5 0.21617161716171618 0.5812685827552032 0.17491749174917492 0.18334985133795836
11 0.7211221122112211 0.6937561942517344 0.0429042904290429 0.049554013875123884
5 0.24092409240924093 0.5327056491575818 0.24642464246424642 0.18533201189296333
5 0.735973597359736 0.354806739345887 0.23542354235423543 0.3012884043607532
5 0.2546754675467547 0.32854311199207137 0.17491749174917492 0.18136769078295342
