8 0.736328125 0.56494140625 0.072265625 0.0830078125
0 0.5908203125 0.37939453125 0.091796875 0.0966796875
6 0.720703125 0.4736328125 0.154296875 0.265625
7 0.7099609375 0.4755859375 0.1640625 0.2890625
5 0.71337890625 0.44189453125 0.1630859375 0.2021484375
3 0.6083984375 0.6875 0.326171875 0.109375
5 0.7099609375 0.4755859375 0.1640625 0.2890625
4 0.720703125 0.4736328125 0.154296875 0.265625
8 0.7099609375 0.4755859375 0.1640625 0.2890625
4 0.73046875 0.5654296875 0.078125 0.076171875
4 0.736328125 0.56494140625 0.072265625 0.0830078125
13 0.720703125 0.4736328125 0.154296875 0.265625
