13 0.3538647342995169 0.35306553911205074 0.0893719806763285 0.14376321353065538
13 0.25 0.47832980972515854 0.16183574879227053 0.08350951374207188
0 0.5821256038647343 0.41014799154334036 0.12318840579710146 0.12473572938689217
3 0.5905797101449275 0.6923890063424947 0.4323671497584541 0.11627906976744186
0 0.5833333333333334 0.4080338266384778 0.1111111111111111 0.11839323467230443
3 0.5869565217391305 0.6596194503171248 0.41545893719806765 0.1331923890063425
13 0.2584541062801932 0.47357293868921774 0.2028985507246377 0.07188160676532769
13 0.358695652173913 0.33879492600422834 0.0821256038647343 0.14059196617336153
13 0.35990338164251207 0.3498942917547569 0.0748792270531401 0.1522198731501057
0 0.5809178743961353 0.41490486257928116 0.12318840579710146 0.13424947145877378
13 0.24396135265700483 0.4799154334038055 0.18115942028985507 0.09090909090909091
