10 0.16341145833333334 0.5328125 0.061197916666666664 0.08229166666666667
3 0.53125 0.5072916666666667 0.3776041666666667 0.12916666666666668
3 0.5091145833333334 0.5307291666666667 0.4140625 0.12604166666666666
11 0.14322916666666666 0.5494791666666666 0.0625 0.046875
13 0.2604166666666667 0.23177083333333334 0.036458333333333336 0.03229166666666667
10 0.14322916666666666 0.5494791666666666 0.0625 0.046875
0 0.501953125 0.32447916666666665 0.12890625 0.115625
11 0.5807291666666666 0.1953125 0.109375 0.03854166666666667
3 0.5390625 0.5140625 0.3802083333333333 0.13229166666666667
0 0.505859375 0.3072916666666667 0.13151041666666666 0.08333333333333333
0 0.5091145833333334 0.32135416666666666 0.12239583333333333 0.11145833333333334
