10 0.9090909090909091 0.8631452581032413 0.02932551319648094 0.05042016806722689
10 0.07551319648093842 0.8529411764705882 0.021994134897360705 0.03961584633853541
11 0.3343108504398827 0.1566626650660264 0.12316715542521994 0.02040816326530612
11 0.9090909090909091 0.8631452581032413 0.02932551319648094 0.05042016806722689
13 0.26392961876832843 0.3235294117647059 0.21700879765395895 0.21008403361344538
11 0.07551319648093842 0.8529411764705882 0.021994134897360705 0.03961584633853541
6 0.27419354838709675 0.3349339735894358 0.2668621700879765 0.25210084033613445
13 0.27419354838709675 0.3349339735894358 0.2668621700879765 0.25210084033613445
11 0.6473607038123167 0.14705882352941177 0.1627565982404692 0.030012004801920768
13 0.26466275659824046 0.31452581032412963 0.23020527859237536 0.24009603841536614
11 0.07331378299120235 0.851140456182473 0.04105571847507331 0.04561824729891957
10 0.07331378299120235 0.851140456182473 0.04105571847507331 0.04561824729891957
