9 0.9056919642857143 0.7690217391304348 0.12834821428571427 0.453804347826087
9 0.9090401785714286 0.6739130434782609 0.12834821428571427 0.6331521739130435
9 0.6194196428571429 0.13043478260869565 0.07142857142857142 0.06793478260869565
9 0.1328125 0.6800271739130435 0.14732142857142858 0.6317934782608695
9 0.2963169642857143 0.19089673913043478 0.0703125 0.10733695652173914
3 0.6378348214285714 0.7690217391304348 0.38058035714285715 0.20652173913043478
3 0.6300223214285714 0.7894021739130435 0.35825892857142855 0.25
11 0.8342633928571429 0.717391304347826 0.09709821428571429 0.16304347826086957
9 0.22935267857142858 0.49320652173913043 0.3783482142857143 0.27445652173913043
9 0.7555803571428571 0.406929347826087 0.36160714285714285 0.40625
3 0.6333705357142857 0.7866847826086957 0.3783482142857143 0.25815217391304346
7 0.328125 0.6120923913043478 0.32142857142857145 0.7105978260869565
9 0.14676339285714285 0.7262228260869565 0.15736607142857142 0.53125
9 0.9084821428571429 0.7452445652173914 0.08928571428571429 0.38179347826086957
10 0.8342633928571429 0.717391304347826 0.09709821428571429 0.16304347826086957
7 0.6724330357142857 0.47622282608695654 0.33370535714285715 0.48233695652173914
9 0.14787946428571427 0.7228260869565217 0.12611607142857142 0.5
10 0.8258928571428571 0.7139945652173914 0.06473214285714286 0.14266304347826086
0 0.5452008928571429 0.4483695652173913 0.14620535714285715 0.15217391304347827
10 0.8370535714285714 0.7758152173913043 0.08705357142857142 0.13858695652173914
