13 0.7152777777777778 0.31606765327695563 0.13141025641025642 0.14587737843551796
1 0.33653846153846156 0.21300211416490486 0.16025641025641027 0.193446088794926
13 0.2686965811965812 0.4413319238900634 0.2403846153846154 0.15750528541226216
1 0.36645299145299143 0.2526427061310782 0.1623931623931624 0.2642706131078224
9 0.5966880341880342 0.7885835095137421 0.09294871794871795 0.11627906976744186
3 0.5400641025641025 0.742600422832981 0.3856837606837607 0.1511627906976744
13 0.6885683760683761 0.28488372093023256 0.172008547008547 0.1744186046511628
13 0.6939102564102564 0.3165961945031712 0.15064102564102563 0.1553911205073996
13 0.6431623931623932 0.6612050739957717 0.05128205128205128 0.24207188160676532
13 0.23717948717948717 0.4693446088794926 0.0876068376068376 0.052854122621564484
7 0.3525641025641026 0.23255813953488372 0.20726495726495728 0.2536997885835095
11 0.3525641025641026 0.23255813953488372 0.20726495726495728 0.2536997885835095
11 0.6549145299145299 0.16437632135306554 0.21367521367521367 0.10676532769556026
