13 0.75341796875 0.35791015625 0.1103515625 0.1416015625
13 0.7724609375 0.38037109375 0.0703125 0.0380859375
11 0.17236328125 0.8369140625 0.0341796875 0.037109375
0 0.59228515625 0.314453125 0.0849609375 0.08203125
9 0.7470703125 0.34033203125 0.08984375 0.1064453125
11 0.69921875 0.12939453125 0.1015625 0.0302734375
13 0.7470703125 0.34033203125 0.08984375 0.1064453125
13 0.34423828125 0.24951171875 0.0283203125 0.0341796875
13 0.33544921875 0.2294921875 0.0439453125 0.068359375
8 0.34521484375 0.24755859375 0.0302734375 0.0361328125
