11 0.5520833333333334 0.27760416666666665 0.109375 0.046875
3 0.5397135416666666 0.6473958333333333 0.4388020833333333 0.12604166666666666
3 0.5345052083333334 0.65 0.44140625 0.10625
13 0.19856770833333334 0.5619791666666667 0.09505208333333333 0.026041666666666668
3 0.5390625 0.646875 0.4453125 0.13541666666666666
0 0.53125 0.43020833333333336 0.16927083333333334 0.16041666666666668
0 0.525390625 0.43072916666666666 0.17317708333333334 0.14479166666666668
7 0.744140625 0.5291666666666667 0.17057291666666666 0.28541666666666665
0 0.5403645833333334 0.42864583333333334 0.15625 0.13854166666666667
13 0.21809895833333334 0.5677083333333334 0.12109375 0.052083333333333336
7 0.7395833333333334 0.5182291666666666 0.19270833333333334 0.34479166666666666
7 0.7239583333333334 0.50625 0.20572916666666666 0.36875
