11 0.694385593220339 0.13005514705882354 0.1451271186440678 0.04136029411764706
13 0.19385593220338984 0.6374080882352942 0.1228813559322034 0.16268382352941177
13 0.3972457627118644 0.21875 0.057203389830508475 0.17279411764705882
11 0.3458686440677966 0.12867647058823528 0.1684322033898305 0.051470588235294115
11 0.3850635593220339 0.12224264705882353 0.15360169491525424 0.04044117647058824
13 0.3956567796610169 0.20863970588235295 0.04766949152542373 0.15625
8 0.21716101694915255 0.22748161764705882 0.012711864406779662 0.015625
0 0.5995762711864406 0.33547794117647056 0.1016949152542373 0.09926470588235294
11 0.6880296610169492 0.13648897058823528 0.1281779661016949 0.05238970588235294
11 0.6970338983050848 0.13694852941176472 0.13347457627118645 0.03676470588235294
0 0.5847457627118644 0.3538602941176471 0.13559322033898305 0.13602941176470587
11 0.3845338983050847 0.13373161764705882 0.1716101694915254 0.04503676470588235
