11 0.8645937813440321 0.6434859154929577 0.06820461384152457 0.11795774647887323
11 0.04513540621865597 0.7755281690140845 0.034102306920762285 0.058098591549295774
13 0.7632898696088265 0.2794894366197183 0.22668004012036108 0.26848591549295775
13 0.34252758274824474 0.19850352112676056 0.16349047141424272 0.17693661971830985
13 0.3214643931795386 0.2205105633802817 0.1855566700100301 0.1487676056338028
13 0.7763289869608826 0.28389084507042256 0.2086258776328987 0.2579225352112676
10 0.8555667001003009 0.6773767605633803 0.09227683049147442 0.11179577464788733
11 0.8555667001003009 0.6773767605633803 0.09227683049147442 0.11179577464788733
10 0.04513540621865597 0.7755281690140845 0.034102306920762285 0.058098591549295774
1 0.7592778335005015 0.2711267605633803 0.23269809428284854 0.3221830985915493
13 0.7592778335005015 0.2711267605633803 0.23269809428284854 0.3221830985915493
10 0.866098294884654 0.6505281690140845 0.06720160481444333 0.0721830985915493
13 0.35005015045135407 0.19674295774647887 0.2567703109327984 0.13996478873239437
11 0.866098294884654 0.6505281690140845 0.06720160481444333 0.0721830985915493
11 0.619358074222668 0.15580985915492956 0.08726178535606821 0.11267605633802817
10 0.8645937813440321 0.6434859154929577 0.06820461384152457 0.11795774647887323
7 0.619358074222668 0.15580985915492956 0.08726178535606821 0.11267605633802817
