13 0.6873508353221957 0.26280834914611007 0.1288782816229117 0.13851992409867173
9 0.7917661097852029 0.7039848197343453 0.19928400954653938 0.11954459203036052
7 0.698090692124105 0.2708728652751423 0.1360381861575179 0.10341555977229601
8 0.6963007159904535 0.2718216318785579 0.1276849642004773 0.09392789373814042
11 0.7565632458233891 0.26138519924098674 0.2863961813842482 0.17172675521821631
11 0.714200477326969 0.20113851992409867 0.19689737470167065 0.058823529411764705
10 0.8824582338902148 0.7224857685009488 0.027446300715990454 0.05977229601518026
8 0.7863961813842482 0.6446869070208728 0.0405727923627685 0.03700189753320683
8 0.698090692124105 0.2708728652751423 0.1360381861575179 0.10341555977229601
8 0.6640811455847255 0.4620493358633776 0.05608591885441527 0.06072106261859583
7 0.7559665871121718 0.3325426944971537 0.05608591885441527 0.05218216318785579
8 0.2458233890214797 0.6570208728652751 0.045346062052505964 0.03320683111954459
8 0.7816229116945107 0.6446869070208728 0.0405727923627685 0.031309297912713474
8 0.7559665871121718 0.3325426944971537 0.05608591885441527 0.05218216318785579
11 0.37708830548926014 0.17836812144212524 0.18138424821002386 0.04743833017077799
11 0.8824582338902148 0.7224857685009488 0.027446300715990454 0.05977229601518026
10 0.7565632458233891 0.7784629981024668 0.29594272076372313 0.23624288425047438
7 0.6873508353221957 0.26280834914611007 0.1288782816229117 0.13851992409867173
11 0.7291169451073986 0.22296015180265655 0.2553699284009546 0.10436432637571158
8 0.752983293556086 0.33349146110056926 0.0477326968973747 0.03700189753320683
