13 0.72265625 0.3098958333333333 0.21354166666666666 0.09479166666666666
10 0.8776041666666666 0.5734375 0.06770833333333333 0.071875
13 0.7552083333333334 0.29375 0.1640625 0.04375
11 0.8880208333333334 0.5895833333333333 0.07552083333333333 0.10416666666666667
11 0.11783854166666667 0.6166666666666667 0.053385416666666664 0.04583333333333333
10 0.12630208333333334 0.5947916666666667 0.09375 0.13125
6 0.3352864583333333 0.5015625 0.18880208333333334 0.16979166666666667
9 0.357421875 0.3567708333333333 0.11328125 0.115625
11 0.8665364583333334 0.5671875 0.07421875 0.096875
13 0.2825520833333333 0.378125 0.0703125 0.035416666666666666
3 0.5598958333333334 0.5416666666666666 0.5104166666666666 0.1375
11 0.12630208333333334 0.5947916666666667 0.09375 0.13125
7 0.220703125 0.5463541666666667 0.21744791666666666 0.08645833333333333
7 0.357421875 0.3567708333333333 0.11328125 0.115625
10 0.11783854166666667 0.6166666666666667 0.053385416666666664 0.04583333333333333
5 0.20377604166666666 0.5078125 0.16276041666666666 0.13854166666666667
10 0.8880208333333334 0.5895833333333333 0.07552083333333333 0.10416666666666667
5 0.7526041666666666 0.29583333333333334 0.15625 0.075
5 0.8763020833333334 0.5005208333333333 0.03125 0.017708333333333333
4 0.6822916666666666 0.4786458333333333 0.2942708333333333 0.203125
10 0.8665364583333334 0.5671875 0.07421875 0.096875
13 0.2571614583333333 0.4640625 0.08203125 0.017708333333333333
3 0.568359375 0.5583333333333333 0.50390625 0.13958333333333334
11 0.8776041666666666 0.5734375 0.06770833333333333 0.071875
