5 0.2733485193621868 0.4642857142857143 0.27107061503416857 0.7060889929742389
0 0.5575170842824602 0.3009367681498829 0.09453302961275627 0.10772833723653395
3 0.5848519362186788 0.7008196721311475 0.3838268792710706 0.1557377049180328
3 0.5802961275626424 0.7166276346604216 0.41116173120728927 0.17798594847775176
0 0.5529612756264237 0.3009367681498829 0.10364464692482915 0.1053864168618267
9 0.7027334851936219 0.4812646370023419 0.3143507972665148 0.6932084309133489
2 0.5740318906605922 0.33021077283372363 0.029612756264236904 0.03278688524590164
9 0.2733485193621868 0.4642857142857143 0.27107061503416857 0.7060889929742389
3 0.5876993166287016 0.7019906323185011 0.37813211845102507 0.148711943793911
5 0.7027334851936219 0.4812646370023419 0.3143507972665148 0.6932084309133489
