4 0.8072916666666666 0.6302083333333334 0.15104166666666666 0.20208333333333334
7 0.322265625 0.4375 0.2903645833333333 0.4125
7 0.3411458333333333 0.38385416666666666 0.2708333333333333 0.33229166666666665
8 0.2877604166666667 0.5161458333333333 0.0625 0.046875
6 0.759765625 0.46979166666666666 0.25390625 0.4895833333333333
8 0.2858072916666667 0.5192708333333333 0.061197916666666664 0.04479166666666667
7 0.7454427083333334 0.4921875 0.24348958333333334 0.390625
7 0.3138020833333333 0.425 0.3020833333333333 0.42291666666666666
4 0.7682291666666666 0.4010416666666667 0.08854166666666667 0.07916666666666666
6 0.322265625 0.4375 0.2903645833333333 0.4125
8 0.759765625 0.46979166666666666 0.25390625 0.4895833333333333
4 0.2578125 0.6078125 0.12760416666666666 0.09270833333333334
8 0.2578125 0.6078125 0.12760416666666666 0.09270833333333334
8 0.2838541666666667 0.5140625 0.07291666666666667 0.05520833333333333
6 0.3138020833333333 0.425 0.3020833333333333 0.42291666666666666
7 0.8072916666666666 0.6302083333333334 0.15104166666666666 0.20208333333333334
4 0.7076822916666666 0.3260416666666667 0.09505208333333333 0.11041666666666666
8 0.328125 0.43645833333333334 0.057291666666666664 0.052083333333333336
7 0.7311197916666666 0.32916666666666666 0.2591145833333333 0.2833333333333333
6 0.7454427083333334 0.4921875 0.24348958333333334 0.390625
