3 0.5535190615835777 0.6374549819927972 0.3973607038123167 0.12484993997599039
8 0.7917888563049853 0.6284513805522209 0.03812316715542522 0.03241296518607443
3 0.5513196480938416 0.6542617046818727 0.39882697947214074 0.12244897959183673
8 0.7910557184750733 0.6308523409363745 0.045454545454545456 0.03241296518607443
8 0.21994134897360704 0.6524609843937575 0.05571847507331378 0.03961584633853541
7 0.25439882697947214 0.6422569027611045 0.18035190615835778 0.14645858343337334
8 0.7939882697947214 0.631452581032413 0.036656891495601175 0.03361344537815126
8 0.21627565982404692 0.6530612244897959 0.045454545454545456 0.028811524609843937
6 0.25439882697947214 0.6422569027611045 0.18035190615835778 0.14645858343337334
8 0.21480938416422288 0.656062424969988 0.039589442815249266 0.027611044417767107
5 0.26759530791788855 0.5372148859543817 0.2536656891495601 0.3949579831932773
0 0.5645161290322581 0.38895558223289317 0.1348973607038123 0.12484993997599039
0 0.5703812316715543 0.36614645858343337 0.10557184750733138 0.0744297719087635
0 0.5645161290322581 0.38415366146458585 0.1436950146627566 0.09843937575030012
