6 0.2532552083333333 0.34479166666666666 0.21484375 0.15208333333333332
6 0.708984375 0.2890625 0.17057291666666666 0.18854166666666666
13 0.2688802083333333 0.37135416666666665 0.13151041666666666 0.13020833333333334
13 0.3125 0.20208333333333334 0.028645833333333332 0.06666666666666667
13 0.3157552083333333 0.20885416666666667 0.022135416666666668 0.06145833333333333
13 0.6686197916666666 0.3026041666666667 0.19401041666666666 0.22395833333333334
13 0.2747395833333333 0.37447916666666664 0.15104166666666666 0.146875
6 0.251953125 0.39427083333333335 0.21484375 0.259375
6 0.6979166666666666 0.27239583333333334 0.13541666666666666 0.16354166666666667
13 0.24348958333333334 0.44947916666666665 0.2109375 0.017708333333333333
13 0.2578125 0.32708333333333334 0.24479166666666666 0.24583333333333332
