7 0.33403805496828753 0.3146964856230032 0.1945031712473573 0.12460063897763578
0 0.5755813953488372 0.2641107561235357 0.11522198731501057 0.11714589989350373
11 0.3409090909090909 0.09371671991480299 0.06659619450317125 0.01703940362087327
10 0.2489429175475687 0.5010649627263046 0.32452431289640593 0.5079872204472844
10 0.25792811839323465 0.4014909478168264 0.3276955602536998 0.5921192758253461
4 0.3620507399577167 0.3333333333333333 0.10253699788583509 0.11075612353567625
11 0.2309725158562368 0.17784877529286475 0.08985200845665962 0.1299254526091587
7 0.35887949260042284 0.3354632587859425 0.10465116279069768 0.134185303514377
13 0.2748414376321353 0.2507987220447284 0.15644820295983086 0.043663471778487756
10 0.28012684989429176 0.43503727369542067 0.3594080338266385 0.6741214057507987
13 0.2817124735729387 0.2539936102236422 0.13002114164904863 0.06922257720979766
7 0.3060253699788584 0.3194888178913738 0.24841437632135308 0.14909478168264112
