6 0.27606635071090047 0.693359375 0.20616113744075829 0.208984375
11 0.346563981042654 0.1865234375 0.14099526066350712 0.05078125
4 0.25829383886255924 0.4716796875 0.12796208530805686 0.087890625
6 0.7251184834123223 0.41552734375 0.15165876777251186 0.2041015625
3 0.6113744075829384 0.73095703125 0.5450236966824644 0.2197265625
3 0.6095971563981043 0.759765625 0.5627962085308057 0.185546875
11 0.35485781990521326 0.197265625 0.1481042654028436 0.048828125
7 0.2725118483412322 0.4716796875 0.15402843601895735 0.103515625
3 0.6101895734597157 0.74462890625 0.542654028436019 0.1982421875
7 0.2677725118483412 0.47607421875 0.14691943127962084 0.1103515625
0 0.5669431279620853 0.373046875 0.12914691943127962 0.107421875
0 0.5728672985781991 0.36962890625 0.11729857819905214 0.0810546875
