11 0.7369791666666666 0.6510416666666666 0.044270833333333336 0.05416666666666667
10 0.05078125 0.8151041666666666 0.0546875 0.07395833333333333
5 0.23567708333333334 0.4661458333333333 0.375 0.6677083333333333
5 0.7311197916666666 0.4322916666666667 0.3580729166666667 0.5979166666666667
13 0.2734375 0.23229166666666667 0.2734375 0.16458333333333333
10 0.9127604166666666 0.7614583333333333 0.044270833333333336 0.058333333333333334
5 0.23697916666666666 0.4375 0.390625 0.6041666666666666
5 0.755859375 0.46041666666666664 0.3736979166666667 0.6458333333333334
11 0.05078125 0.8151041666666666 0.0546875 0.07395833333333333
5 0.19401041666666666 0.5776041666666667 0.20572916666666666 0.11979166666666667
9 0.7421875 0.6546875 0.041666666666666664 0.051041666666666666
6 0.765625 0.23333333333333334 0.15885416666666666 0.10208333333333333
6 0.2734375 0.23229166666666667 0.2734375 0.16458333333333333
11 0.9127604166666666 0.7614583333333333 0.044270833333333336 0.058333333333333334
