12 0.2583857442348008 0.45593525179856115 0.3553459119496855 0.6151079136690647
12 0.2641509433962264 0.44919064748201437 0.36058700209643607 0.5908273381294964
11 0.6415094339622641 0.1564748201438849 0.10062893081761007 0.046762589928057555
13 0.6289308176100629 0.15152877697841727 0.07337526205450734 0.026079136690647483
3 0.5969601677148847 0.6281474820143885 0.4119496855345912 0.125
11 0.6761006289308176 0.15377697841726617 0.1069182389937107 0.039568345323741004
0 0.5738993710691824 0.3151978417266187 0.09958071278825996 0.09082733812949641
11 0.27568134171907754 0.18030575539568344 0.07337526205450734 0.044064748201438846
12 0.2552410901467505 0.4401978417266187 0.38259958071278827 0.6357913669064749
11 0.6289308176100629 0.15152877697841727 0.07337526205450734 0.026079136690647483
