8 0.6796875 0.4734375 0.018229166666666668 0.011458333333333333
8 0.224609375 0.36041666666666666 0.014322916666666666 0.014583333333333334
8 0.2890625 0.4276041666666667 0.03125 0.017708333333333333
8 0.18294270833333334 0.4979166666666667 0.01953125 0.016666666666666666
11 0.33203125 0.115625 0.07291666666666667 0.016666666666666666
8 0.18359375 0.5 0.015625 0.014583333333333334
8 0.611328125 0.221875 0.024739583333333332 0.020833333333333332
8 0.685546875 0.33645833333333336 0.014322916666666666 0.0125
7 0.16861979166666666 0.5354166666666667 0.10286458333333333 0.14166666666666666
8 0.3541666666666667 0.44583333333333336 0.0234375 0.01875
8 0.1875 0.31666666666666665 0.010416666666666666 0.008333333333333333
8 0.6510416666666666 0.4270833333333333 0.03125 0.022916666666666665
8 0.22265625 0.359375 0.018229166666666668 0.014583333333333334
8 0.162109375 0.5177083333333333 0.01953125 0.016666666666666666
8 0.302734375 0.5546875 0.040364583333333336 0.036458333333333336
7 0.736328125 0.5223958333333333 0.09244791666666667 0.13645833333333332
11 0.3372395833333333 0.11614583333333334 0.08333333333333333 0.017708333333333333
8 0.611328125 0.30052083333333335 0.029947916666666668 0.028125
13 0.244140625 0.2791666666666667 0.14192708333333334 0.15625
8 0.6119791666666666 0.22395833333333334 0.020833333333333332 0.014583333333333334
8 0.20963541666666666 0.46458333333333335 0.026041666666666668 0.020833333333333332
8 0.21028645833333334 0.46875 0.01953125 0.014583333333333334
8 0.1875 0.31666666666666665 0.015625 0.010416666666666666
11 0.5807291666666666 0.13125 0.11197916666666667 0.029166666666666667
8 0.21223958333333334 0.46875 0.018229166666666668 0.014583333333333334
8 0.6920572916666666 0.2875 0.016927083333333332 0.0125
8 0.4016927083333333 0.503125 0.037760416666666664 0.03333333333333333
11 0.3352864583333333 0.12083333333333333 0.09244791666666667 0.022916666666666665
8 0.6497395833333334 0.42604166666666665 0.0390625 0.03125
