7 0.700354609929078 0.33740234375 0.12174940898345153 0.1298828125
13 0.700354609929078 0.33740234375 0.12174940898345153 0.1298828125
10 0.8752955082742316 0.60107421875 0.02955082742316785 0.0439453125
8 0.700354609929078 0.33740234375 0.12174940898345153 0.1298828125
0 0.6016548463356974 0.263671875 0.12529550827423167 0.107421875
9 0.3102836879432624 0.30029296875 0.031914893617021274 0.0244140625
6 0.29728132387706857 0.50537109375 0.2470449172576832 0.2197265625
8 0.6962174940898345 0.341796875 0.14184397163120568 0.150390625
6 0.7062647754137116 0.33544921875 0.12411347517730496 0.1572265625
9 0.3144208037825059 0.5869140625 0.14893617021276595 0.033203125
10 0.8752955082742316 0.59912109375 0.06028368794326241 0.0537109375
11 0.8611111111111112 0.5966796875 0.04846335697399527 0.07421875
7 0.3126477541371158 0.30224609375 0.03900709219858156 0.0166015625
0 0.6040189125295509 0.2548828125 0.1347517730496454 0.08984375
0 0.6081560283687943 0.2724609375 0.11465721040189125 0.1171875
11 0.8752955082742316 0.60107421875 0.02955082742316785 0.0439453125
10 0.8611111111111112 0.5966796875 0.04846335697399527 0.07421875
11 0.8752955082742316 0.59912109375 0.06028368794326241 0.0537109375
4 0.6962174940898345 0.341796875 0.14184397163120568 0.150390625
