11 0.5905172413793104 0.09287257019438445 0.05541871921182266 0.038876889848812095
0 0.5911330049261084 0.281317494600432 0.14532019704433496 0.17602591792656588
0 0.583743842364532 0.259719222462203 0.1477832512315271 0.1285097192224622
3 0.5757389162561576 0.6079913606911447 0.46921182266009853 0.16846652267818574
2 0.5480295566502463 0.21004319654427644 0.034482758620689655 0.016198704103671708
9 0.2185960591133005 0.3596112311015119 0.04310344827586207 0.03023758099352052
2 0.5917487684729064 0.2732181425485961 0.0480295566502463 0.04319654427645788
13 0.16379310344827586 0.5296976241900648 0.019704433497536946 0.011879049676025918
3 0.5763546798029556 0.6258099352051836 0.47783251231527096 0.15010799136069114
3 0.5800492610837439 0.6268898488120951 0.5 0.18682505399568033
13 0.2185960591133005 0.3596112311015119 0.04310344827586207 0.03023758099352052
0 0.5818965517241379 0.265658747300216 0.15886699507389163 0.14038876889848811
