8 0.7100997506234414 0.43088071348940915 0.02369077306733167 0.023411371237458192
8 0.23628428927680797 0.657190635451505 0.01371571072319202 0.016722408026755852
8 0.7780548628428927 0.564659977703456 0.057356608478802994 0.027870680044593088
8 0.24750623441396508 0.3115942028985507 0.05610972568578554 0.043478260869565216
13 0.22443890274314215 0.2831661092530658 0.09975062344139651 0.11594202898550725
8 0.7687032418952618 0.5696767001114827 0.03366583541147132 0.028985507246376812
8 0.8198254364089775 0.4754738015607581 0.03366583541147132 0.023411371237458192
3 0.5286783042394015 0.7079152731326644 0.4513715710723192 0.16945373467112598
8 0.2587281795511222 0.3221850613154961 0.03366583541147132 0.024526198439241916
8 0.16271820448877805 0.7920847268673356 0.03117206982543641 0.027870680044593088
8 0.17206982543640897 0.6020066889632107 0.029925187032418952 0.026755852842809364
11 0.3266832917705736 0.06577480490523968 0.1371571072319202 0.03567447045707915
8 0.1259351620947631 0.6354515050167224 0.029925187032418952 0.026755852842809364
0 0.5442643391521197 0.3115942028985507 0.13341645885286782 0.13935340022296544
8 0.18640897755610972 0.6688963210702341 0.03865336658354115 0.033444816053511704
8 0.1639650872817955 0.7051282051282052 0.05112219451371571 0.04124860646599777
8 0.7948877805486284 0.6465997770345596 0.02369077306733167 0.017837235228539576
8 0.8447630922693267 0.7681159420289855 0.0685785536159601 0.06243032329988852
8 0.12406483790523691 0.6348940914158305 0.03865336658354115 0.021181716833890748
8 0.7942643391521197 0.5613154960981048 0.02493765586034913 0.021181716833890748
8 0.1596009975062344 0.7931995540691192 0.034912718204488775 0.032329988851727984
8 0.29738154613466333 0.6064659977703456 0.05610972568578554 0.05128205128205128
8 0.2456359102244389 0.4269788182831661 0.03740648379052369 0.026755852842809364
8 0.23566084788029926 0.30267558528428096 0.032418952618453865 0.02564102564102564
8 0.17394014962593515 0.5992196209587514 0.026184538653366583 0.03455964325529543
8 0.2811720698254364 0.7040133779264214 0.03615960099750624 0.030100334448160536
8 0.6664588528678305 0.35507246376811596 0.016209476309226933 0.0189520624303233
8 0.13840399002493767 0.7536231884057971 0.03740648379052369 0.024526198439241916
3 0.5280548628428927 0.7140468227424749 0.45760598503740646 0.14827201783723523
11 0.3254364089775561 0.06243032329988852 0.10224438902743142 0.0379041248606466
8 0.8447630922693267 0.7636566332218506 0.07605985037406483 0.05351170568561873
8 0.14463840399002495 0.7597547380156076 0.0399002493765586 0.03455964325529543
8 0.16957605985037408 0.6003344481605352 0.029925187032418952 0.02564102564102564
8 0.16458852867830423 0.7062430323299889 0.057356608478802994 0.04124860646599777
8 0.1882793017456359 0.6683389074693422 0.034912718204488775 0.03901895206243032
8 0.3672069825436409 0.8478260869565217 0.07855361596009976 0.07915273132664437
8 0.7094763092269327 0.431438127090301 0.02493765586034913 0.022296544035674472
8 0.1614713216957606 0.5033444816053512 0.02369077306733167 0.023411371237458192
11 0.09850374064837905 0.8784838350055741 0.04987531172069826 0.05351170568561873
8 0.816708229426434 0.47491638795986624 0.022443890274314215 0.022296544035674472
8 0.12281795511221945 0.6360089186176142 0.04114713216957606 0.021181716833890748
0 0.5355361596009975 0.29654403567447046 0.13591022443890274 0.11371237458193979
8 0.29738154613466333 0.24581939799331104 0.03366583541147132 0.032329988851727984
0 0.5392768079800498 0.3015607580824972 0.128428927680798 0.11036789297658862
11 0.6396508728179551 0.059085841694537344 0.12219451371571072 0.026755852842809364
8 0.1614713216957606 0.7329988851727982 0.09600997506234414 0.1616499442586399
