5 0.21158854166666666 0.4348958333333333 0.23828125 0.5322916666666667
5 0.626953125 0.4 0.3138020833333333 0.49375
5 0.2265625 0.4484375 0.22395833333333334 0.396875
3 0.486328125 0.5526041666666667 0.4283854166666667 0.11145833333333334
0 0.5052083333333334 0.26614583333333336 0.10677083333333333 0.09895833333333333
3 0.4876302083333333 0.5354166666666667 0.4440104166666667 0.13125
3 0.48828125 0.5708333333333333 0.4296875 0.13958333333333334
0 0.494140625 0.2640625 0.13151041666666666 0.121875
5 0.21223958333333334 0.46510416666666665 0.23177083333333334 0.390625
5 0.6471354166666666 0.41822916666666665 0.22916666666666666 0.415625
5 0.6451822916666666 0.43125 0.23046875 0.38125
0 0.4934895833333333 0.25416666666666665 0.10677083333333333 0.07083333333333333
