8 0.2708333333333333 0.3859375 0.171875 0.13854166666666667
11 0.17447916666666666 0.690625 0.020833333333333332 0.0375
3 0.5501302083333334 0.6255208333333333 0.4518229166666667 0.09895833333333333
10 0.17447916666666666 0.690625 0.020833333333333332 0.0375
11 0.681640625 0.12395833333333334 0.12109375 0.027083333333333334
0 0.5904947916666666 0.3151041666666667 0.10546875 0.12395833333333334
8 0.2552083333333333 0.3885416666666667 0.19010416666666666 0.13125
7 0.2552083333333333 0.3885416666666667 0.19010416666666666 0.13125
11 0.3606770833333333 0.12760416666666666 0.15885416666666666 0.040625
3 0.55859375 0.6302083333333334 0.4557291666666667 0.10416666666666667
0 0.5729166666666666 0.30364583333333334 0.13020833333333334 0.10104166666666667
13 0.34375 0.609375 0.057291666666666664 0.020833333333333332
8 0.2740885416666667 0.3890625 0.16015625 0.134375
11 0.3580729166666667 0.12395833333333334 0.15104166666666666 0.041666666666666664
