10 0.697265625 0.4296875 0.3111979166666667 0.3260416666666667
11 0.17317708333333334 0.6098958333333333 0.057291666666666664 0.065625
7 0.69140625 0.2578125 0.2604166666666667 0.14479166666666668
8 0.5572916666666666 0.3338541666666667 0.125 0.13645833333333332
10 0.7044270833333334 0.4078125 0.3151041666666667 0.4947916666666667
10 0.17317708333333334 0.6098958333333333 0.057291666666666664 0.065625
10 0.185546875 0.6260416666666667 0.07161458333333333 0.052083333333333336
7 0.71484375 0.32916666666666666 0.20052083333333334 0.11041666666666666
10 0.7298177083333334 0.4796875 0.24088541666666666 0.346875
11 0.185546875 0.6260416666666667 0.07161458333333333 0.052083333333333336
