13 0.22981770833333334 0.3494791666666667 0.22005208333333334 0.221875
11 0.6243489583333334 0.24791666666666667 0.23567708333333334 0.09791666666666667
11 0.6809895833333334 0.25104166666666666 0.13020833333333334 0.075
13 0.23177083333333334 0.3302083333333333 0.203125 0.1375
11 0.19075520833333334 0.3328125 0.24348958333333334 0.21979166666666666
11 0.22591145833333334 0.2578125 0.11848958333333333 0.08854166666666667
13 0.654296875 0.3578125 0.18098958333333334 0.18020833333333333
7 0.6243489583333334 0.24791666666666667 0.23567708333333334 0.09791666666666667
13 0.23958333333333334 0.3484375 0.21614583333333334 0.178125
11 0.3131510416666667 0.23177083333333334 0.10807291666666667 0.04895833333333333
11 0.6139322916666666 0.23020833333333332 0.17057291666666666 0.07083333333333333
13 0.6692708333333334 0.31666666666666665 0.20833333333333334 0.13125
13 0.6692708333333334 0.36875 0.23177083333333334 0.2520833333333333
