0 0.5784789644012945 0.715843023255814 0.4773462783171521 0.10901162790697674
8 0.8268608414239482 0.6170058139534884 0.02912621359223301 0.030523255813953487
8 0.8090614886731392 0.6838662790697675 0.022653721682847898 0.0188953488372093
8 0.6812297734627831 0.4571220930232558 0.02912621359223301 0.027616279069767442
0 0.5760517799352751 0.3626453488372093 0.1488673139158576 0.14680232558139536
8 0.7839805825242718 0.5465116279069767 0.15048543689320387 0.2558139534883721
0 0.5800970873786407 0.3430232558139535 0.11812297734627832 0.09593023255813954
0 0.5703883495145631 0.34593023255813954 0.1407766990291262 0.10465116279069768
8 0.23300970873786409 0.563953488372093 0.032362459546925564 0.023255813953488372
8 0.7330097087378641 0.4949127906976744 0.019417475728155338 0.015988372093023256
8 0.2815533980582524 0.4992732558139535 0.11326860841423948 0.16424418604651161
3 0.5752427184466019 0.7129360465116279 0.4741100323624595 0.1555232558139535
8 0.7572815533980582 0.6388081395348837 0.025889967637540454 0.0188953488372093
3 0.5720064724919094 0.6911337209302325 0.45792880258899676 0.10610465116279069
