13 0.8112691466083151 0.4798165137614679 0.0886214442013129 0.06422018348623854
10 0.2724288840262582 0.4206422018348624 0.350109409190372 0.5587155963302752
7 0.30196936542669583 0.2958715596330275 0.19474835886214442 0.23027522935779818
0 0.5683807439824945 0.3431192660550459 0.13457330415754923 0.10275229357798166
10 0.2702407002188184 0.539908256880734 0.3041575492341357 0.41009174311926605
7 0.29048140043763676 0.29724770642201837 0.2461706783369803 0.24403669724770644
11 0.22647702407002188 0.24220183486238533 0.18161925601750548 0.1779816513761468
7 0.31947483588621445 0.3577981651376147 0.16630196936542668 0.10091743119266056
10 0.2861050328227571 0.48807339449541287 0.2811816192560175 0.41651376146788993
13 0.8161925601750547 0.4724770642201835 0.08971553610503283 0.07522935779816514
13 0.799781181619256 0.4541284403669725 0.11816192560175055 0.12844036697247707
3 0.6033916849015317 0.6087155963302753 0.43435448577680524 0.20275229357798166
