11 0.8839177750906893 0.6225540679711637 0.06529625151148731 0.0937178166838311
13 0.20918984280532044 0.3470648815653965 0.11608222490931076 0.06591143151390319
7 0.8839177750906893 0.6225540679711637 0.06529625151148731 0.0937178166838311
10 0.8688029020556227 0.6230690010298661 0.08343409915356712 0.05973223480947477
11 0.1336154776299879 0.6380020597322348 0.049576783555018135 0.07723995880535531
10 0.1336154776299879 0.6380020597322348 0.049576783555018135 0.07723995880535531
10 0.13119709794437726 0.6359423274974253 0.03506650544135429 0.0937178166838311
11 0.13119709794437726 0.6359423274974253 0.03506650544135429 0.0937178166838311
10 0.8784764207980653 0.6179196704428425 0.0592503022974607 0.06385169927909372
10 0.13180169286577992 0.6457260556127703 0.060459492140266025 0.07621009268795056
7 0.24062877871825877 0.18949536560247168 0.02902055622732769 0.04325437693099897
13 0.23881499395405079 0.19052523171987643 0.049576783555018135 0.053553038105046344
10 0.8839177750906893 0.6225540679711637 0.06529625151148731 0.0937178166838311
11 0.13180169286577992 0.6457260556127703 0.060459492140266025 0.07621009268795056
3 0.5453446191051995 0.5942327497425335 0.4740024183796856 0.13594232749742532
7 0.8053204353083434 0.5705458290422245 0.13059250302297462 0.08856848609680741
13 0.22309552599758162 0.3465499485066941 0.09068923821039904 0.07106076210092688
7 0.13119709794437726 0.6359423274974253 0.03506650544135429 0.0937178166838311
11 0.8784764207980653 0.6179196704428425 0.0592503022974607 0.06385169927909372
