2 0.2515576323987539 0.25855745721271395 0.16978193146417445 0.19437652811735942
7 0.2118380062305296 0.48655256723716384 0.1277258566978193 0.3154034229828851
11 0.2367601246105919 0.386919315403423 0.2367601246105919 0.4828850855745721
10 0.1557632398753894 0.6882640586797066 0.1059190031152648 0.08557457212713937
11 0.2383177570093458 0.41381418092909533 0.2554517133956386 0.558679706601467
11 0.1557632398753894 0.6882640586797066 0.1059190031152648 0.08557457212713937
2 0.2468847352024922 0.26344743276283616 0.13862928348909656 0.13080684596577016
4 0.21884735202492211 0.49755501222493886 0.12305295950155763 0.2469437652811736
11 0.1277258566978193 0.7035452322738386 0.09345794392523364 0.08679706601466992
11 0.26479750778816197 0.2555012224938875 0.29595015576323985 0.25183374083129584
13 0.20638629283489096 0.4841075794621027 0.16355140186915887 0.3276283618581907
