3 0.5896739130434783 0.6676201372997712 0.39402173913043476 0.10869565217391304
9 0.46059782608695654 0.5806636155606407 0.07880434782608696 0.2665903890160183
1 0.46059782608695654 0.5806636155606407 0.07880434782608696 0.2665903890160183
6 0.8233695652173914 0.6676201372997712 0.07880434782608696 0.14988558352402745
0 0.6100543478260869 0.3707093821510298 0.08967391304347826 0.07322654462242563
6 0.35529891304347827 0.6882151029748284 0.07744565217391304 0.06750572082379863
13 0.2642663043478261 0.618421052631579 0.028532608695652172 0.017162471395881007
7 0.46059782608695654 0.5806636155606407 0.07880434782608696 0.2665903890160183
0 0.6052989130434783 0.39187643020594964 0.11277173913043478 0.12242562929061784
0 0.6012228260869565 0.37356979405034324 0.10461956521739131 0.08352402745995423
