6 0.2779680365296804 0.5631009615384616 0.1997716894977169 0.203125
10 0.18949771689497716 0.6977163461538461 0.09360730593607305 0.14543269230769232
6 0.2899543378995434 0.5216346153846154 0.2534246575342466 0.43990384615384615
13 0.2899543378995434 0.5216346153846154 0.2534246575342466 0.43990384615384615
7 0.3065068493150685 0.5270432692307693 0.295662100456621 0.41225961538461536
10 0.78824200913242 0.5793269230769231 0.1769406392694064 0.32211538461538464
7 0.7585616438356164 0.49939903846153844 0.1723744292237443 0.13822115384615385
10 0.791095890410959 0.5925480769230769 0.16666666666666666 0.28125
7 0.781392694063927 0.5144230769230769 0.15182648401826485 0.24519230769230768
6 0.3065068493150685 0.5270432692307693 0.295662100456621 0.41225961538461536
8 0.2848173515981735 0.3551682692307692 0.08105022831050228 0.0733173076923077
3 0.5627853881278538 0.5991586538461539 0.3721461187214612 0.19831730769230768
13 0.7585616438356164 0.49939903846153844 0.1723744292237443 0.13822115384615385
10 0.8093607305936074 0.5564903846153846 0.13470319634703196 0.3173076923076923
7 0.2779680365296804 0.5631009615384616 0.1997716894977169 0.203125
