10 0.251953125 0.6494140625 0.033203125 0.037109375
13 0.33935546875 0.53759765625 0.2294921875 0.2392578125
13 0.33349609375 0.43408203125 0.1982421875 0.4091796875
3 0.58837890625 0.57373046875 0.3056640625 0.1181640625
2 0.6064453125 0.54931640625 0.021484375 0.0244140625
6 0.33935546875 0.53759765625 0.2294921875 0.2392578125
6 0.69873046875 0.43505859375 0.1552734375 0.2021484375
5 0.33349609375 0.43408203125 0.1982421875 0.4091796875
9 0.6064453125 0.54931640625 0.021484375 0.0244140625
11 0.37890625 0.1298828125 0.0546875 0.03515625
0 0.57666015625 0.26953125 0.0869140625 0.0859375
9 0.591796875 0.58837890625 0.029296875 0.0322265625
11 0.251953125 0.6494140625 0.033203125 0.037109375
0 0.58251953125 0.26513671875 0.0732421875 0.0810546875
6 0.32373046875 0.4765625 0.1865234375 0.29296875
9 0.53564453125 0.4951171875 0.1376953125 0.517578125
11 0.65576171875 0.14013671875 0.1318359375 0.0498046875
13 0.32373046875 0.4765625 0.1865234375 0.29296875
9 0.60595703125 0.54833984375 0.0263671875 0.0302734375
13 0.7041015625 0.4658203125 0.19921875 0.32421875
9 0.5146484375 0.49755859375 0.1015625 0.2900390625
5 0.7041015625 0.4658203125 0.19921875 0.32421875
6 0.6982421875 0.43603515625 0.126953125 0.1669921875
13 0.69873046875 0.43505859375 0.1552734375 0.2021484375
0 0.5771484375 0.2744140625 0.083984375 0.107421875
