0 0.5801569506726457 0.38966900702106316 0.1311659192825112 0.14343029087261785
7 0.2382286995515695 0.4674022066198596 0.09080717488789238 0.07622868605817452
13 0.2556053811659193 0.5656970912738215 0.21076233183856502 0.3791374122367101
7 0.22085201793721973 0.4498495486459378 0.12331838565022421 0.11133400200601805
0 0.5840807174887892 0.37462387161484456 0.12556053811659193 0.12337011033099297
8 0.24775784753363228 0.5576730190571715 0.02914798206278027 0.026078234704112337
8 0.2528026905829596 0.48044132397191575 0.043721973094170405 0.03811434302908726
11 0.6889013452914798 0.1815446339017051 0.11547085201793722 0.034102306920762285
5 0.2556053811659193 0.5656970912738215 0.21076233183856502 0.3791374122367101
13 0.22085201793721973 0.4498495486459378 0.12331838565022421 0.11133400200601805
