10 0.21021021021021022 0.5540372670807453 0.32732732732732733 0.25590062111801243
4 0.26126126126126126 0.5850931677018634 0.3213213213213213 0.14409937888198757
10 0.10585585585585586 0.5919254658385094 0.12762762762762764 0.19503105590062111
10 0.9174174174174174 0.717391304347826 0.05405405405405406 0.06086956521739131
10 0.08183183183183183 0.546583850931677 0.07957957957957958 0.11180124223602485
11 0.9174174174174174 0.717391304347826 0.05405405405405406 0.06086956521739131
10 0.9144144144144144 0.7043478260869566 0.04504504504504504 0.07950310559006211
11 0.9136636636636637 0.6956521739130435 0.03753753753753754 0.05217391304347826
11 0.9144144144144144 0.7043478260869566 0.04504504504504504 0.07950310559006211
10 0.9136636636636637 0.6956521739130435 0.03753753753753754 0.05217391304347826
7 0.25 0.5298136645962733 0.23873873873873874 0.05093167701863354
