9 0.73193359375 0.771484375 0.1357421875 0.12109375
13 0.337890625 0.380859375 0.1171875 0.12890625
7 0.3671875 0.65625 0.1484375 0.208984375
6 0.3603515625 0.66259765625 0.11328125 0.1806640625
13 0.33837890625 0.37841796875 0.1123046875 0.0869140625
7 0.712890625 0.75048828125 0.201171875 0.1748046875
6 0.71728515625 0.50537109375 0.1025390625 0.2978515625
13 0.27978515625 0.7744140625 0.0302734375 0.04296875
6 0.71826171875 0.771484375 0.1845703125 0.166015625
6 0.33837890625 0.37841796875 0.1123046875 0.0869140625
11 0.79150390625 0.859375 0.0341796875 0.033203125
13 0.73193359375 0.771484375 0.1357421875 0.12109375
10 0.79150390625 0.859375 0.0341796875 0.033203125
13 0.71826171875 0.771484375 0.1845703125 0.166015625
