0 0.517578125 0.2947916666666667 0.09244791666666667 0.08333333333333333
0 0.439453125 0.36302083333333335 0.23828125 0.21770833333333334
13 0.21875 0.39947916666666666 0.052083333333333336 0.042708333333333334
13 0.220703125 0.4005208333333333 0.045572916666666664 0.03854166666666667
3 0.5065104166666666 0.5552083333333333 0.3671875 0.11041666666666666
13 0.2688802083333333 0.25885416666666666 0.07421875 0.065625
9 0.673828125 0.5395833333333333 0.23828125 0.09583333333333334
9 0.2688802083333333 0.25885416666666666 0.07421875 0.065625
0 0.5045572916666666 0.3140625 0.12369791666666667 0.109375
9 0.6803385416666666 0.5723958333333333 0.29296875 0.115625
