13 0.3063858695652174 0.27566964285714285 0.18614130434782608 0.12053571428571429
9 0.24320652173913043 0.31640625 0.03260869565217391 0.025669642857142856
13 0.31657608695652173 0.26283482142857145 0.22826086956521738 0.1640625
11 0.375679347826087 0.16294642857142858 0.11277173913043478 0.03125
8 0.27921195652173914 0.32254464285714285 0.03125 0.024553571428571428
13 0.6725543478260869 0.26450892857142855 0.13043478260869565 0.12946428571428573
13 0.33152173913043476 0.29408482142857145 0.21195652173913043 0.19084821428571427
8 0.24320652173913043 0.31640625 0.03260869565217391 0.025669642857142856
0 0.578125 0.36049107142857145 0.10190217391304347 0.09598214285714286
9 0.27921195652173914 0.32254464285714285 0.03125 0.024553571428571428
13 0.670516304347826 0.23716517857142858 0.12635869565217392 0.08816964285714286
13 0.6725543478260869 0.23828125 0.13858695652173914 0.08816964285714286
6 0.3063858695652174 0.27566964285714285 0.18614130434782608 0.12053571428571429
