11 0.3432343234323432 0.1175564681724846 0.09900990099009901 0.044147843942505136
11 0.8096809680968097 0.9127310061601642 0.028602860286028604 0.043121149897330596
10 0.8096809680968097 0.9127310061601642 0.028602860286028604 0.043121149897330596
10 0.1265126512651265 0.7797741273100616 0.04400440044004401 0.10164271047227925
0 0.5643564356435643 0.3085215605749487 0.10121012101210121 0.09958932238193019
10 0.22277227722772278 0.7854209445585215 0.26732673267326734 0.09034907597535935
11 0.8140814081408141 0.9152977412731006 0.022002200220022004 0.05646817248459959
10 0.13036303630363036 0.7736139630390144 0.0539053905390539 0.07905544147843943
11 0.13036303630363036 0.7736139630390144 0.0539053905390539 0.07905544147843943
11 0.38998899889988997 0.10728952772073921 0.11991199119911991 0.03182751540041068
11 0.1265126512651265 0.7797741273100616 0.04400440044004401 0.10164271047227925
10 0.8140814081408141 0.9152977412731006 0.022002200220022004 0.05646817248459959
