0 0.5013020833333334 0.3609375 0.1171875 0.115625
11 0.80859375 0.6828125 0.07291666666666667 0.06354166666666666
10 0.80859375 0.6828125 0.07291666666666667 0.06354166666666666
10 0.802734375 0.6921875 0.06901041666666667 0.071875
11 0.8177083333333334 0.6848958333333334 0.0546875 0.065625
0 0.513671875 0.3302083333333333 0.10026041666666667 0.07291666666666667
10 0.8177083333333334 0.6848958333333334 0.0546875 0.065625
0 0.5065104166666666 0.35885416666666664 0.13020833333333334 0.134375
7 0.7278645833333334 0.6411458333333333 0.14322916666666666 0.08645833333333333
11 0.802734375 0.6921875 0.06901041666666667 0.071875
