0 0.4908854166666667 0.30416666666666664 0.12239583333333333 0.10208333333333333
8 0.7200520833333334 0.39166666666666666 0.09375 0.29375
8 0.146484375 0.4119791666666667 0.029947916666666668 0.028125
8 0.09830729166666667 0.55 0.037760416666666664 0.025
8 0.18033854166666666 0.5890625 0.040364583333333336 0.03229166666666667
8 0.74609375 0.46875 0.052083333333333336 0.04583333333333333
3 0.5234375 0.5822916666666667 0.4765625 0.17083333333333334
10 0.7779947916666666 0.5994791666666667 0.07161458333333333 0.11145833333333334
3 0.5266927083333334 0.5822916666666667 0.4830729166666667 0.12708333333333333
3 0.501953125 0.6046875 0.44921875 0.14895833333333333
8 0.1484375 0.3265625 0.028645833333333332 0.026041666666666668
8 0.22395833333333334 0.3307291666666667 0.0234375 0.017708333333333333
11 0.7779947916666666 0.5994791666666667 0.07161458333333333 0.11145833333333334
8 0.19401041666666666 0.38333333333333336 0.23958333333333334 0.43333333333333335
10 0.7623697916666666 0.6010416666666667 0.09244791666666667 0.10625
8 0.6907552083333334 0.4046875 0.029947916666666668 0.030208333333333334
8 0.681640625 0.47604166666666664 0.03515625 0.027083333333333334
8 0.14322916666666666 0.5026041666666666 0.046875 0.036458333333333336
8 0.20377604166666666 0.2760416666666667 0.037760416666666664 0.027083333333333334
8 0.7259114583333334 0.390625 0.032552083333333336 0.03125
8 0.677734375 0.39010416666666664 0.22526041666666666 0.30520833333333336
8 0.19596354166666666 0.40208333333333335 0.24088541666666666 0.4479166666666667
8 0.302734375 0.18333333333333332 0.02734375 0.025
8 0.2890625 0.4276041666666667 0.044270833333333336 0.036458333333333336
7 0.19401041666666666 0.38333333333333336 0.23958333333333334 0.43333333333333335
10 0.7708333333333334 0.5776041666666667 0.08072916666666667 0.065625
