10 0.13124274099883856 0.6598360655737705 0.1207897793263647 0.13319672131147542
3 0.5296167247386759 0.6070696721311475 0.4436701509872242 0.09733606557377049
13 0.1759581881533101 0.5558401639344263 0.11265969802555169 0.035860655737704916
10 0.10511033681765389 0.711577868852459 0.08013937282229965 0.09938524590163934
8 0.5882694541231127 0.4421106557377049 0.09407665505226481 0.07889344262295082
13 0.20034843205574912 0.5512295081967213 0.1916376306620209 0.040983606557377046
7 0.26364692218350755 0.6465163934426229 0.22764227642276422 0.12295081967213115
0 0.5342624854819977 0.32735655737704916 0.11149825783972125 0.09118852459016394
13 0.19337979094076654 0.5543032786885246 0.17305458768873402 0.03483606557377049
11 0.13124274099883856 0.6598360655737705 0.1207897793263647 0.13319672131147542
11 0.10511033681765389 0.711577868852459 0.08013937282229965 0.09938524590163934
0 0.5452961672473867 0.33709016393442626 0.10801393728222997 0.10040983606557377
7 0.7601626016260162 0.3744877049180328 0.13356562137049943 0.18954918032786885
