3 0.5953101361573374 0.696236559139785 0.4886535552193646 0.15053763440860216
0 0.6180030257186082 0.3178763440860215 0.14977307110438728 0.1196236559139785
3 0.5885022692889561 0.6854838709677419 0.47806354009077157 0.13172043010752688
0 0.6172465960665658 0.33736559139784944 0.14523449319213314 0.1639784946236559
11 0.11195158850226929 0.7325268817204301 0.04236006051437216 0.06989247311827956
7 0.4493192133131619 0.3030913978494624 0.08774583963691376 0.2620967741935484
11 0.653555219364599 0.18346774193548387 0.12405446293494705 0.05779569892473118
10 0.11195158850226929 0.7325268817204301 0.04236006051437216 0.06989247311827956
0 0.6089258698940998 0.3165322580645161 0.16187594553706505 0.125
3 0.5816944024205749 0.7009408602150538 0.47049924357034795 0.1196236559139785
