3 0.5322265625 0.583984375 0.431640625 0.154296875
13 0.2705078125 0.3701171875 0.05859375 0.03515625
0 0.54833984375 0.26708984375 0.1025390625 0.1044921875
3 0.55029296875 0.59814453125 0.3525390625 0.1396484375
11 0.3779296875 0.12353515625 0.107421875 0.0458984375
7 0.375 0.50439453125 0.11328125 0.3935546875
0 0.548828125 0.2705078125 0.095703125 0.10546875
13 0.26904296875 0.36474609375 0.0693359375 0.0400390625
4 0.3701171875 0.43359375 0.09765625 0.0703125
3 0.52587890625 0.60400390625 0.4169921875 0.1201171875
11 0.384765625 0.1044921875 0.048828125 0.01171875
0 0.5517578125 0.25634765625 0.09765625 0.0791015625
