11 0.7278562259306803 0.328125 0.28754813863928114 0.22106481481481483
0 0.6238767650834403 0.4236111111111111 0.11810012836970475 0.14351851851851852
10 0.8228498074454429 0.7152777777777778 0.20025673940949937 0.21064814814814814
7 0.7836970474967908 0.609375 0.0834403080872914 0.10300925925925926
11 0.7182284980744544 0.30497685185185186 0.25288831835686776 0.14699074074074073
13 0.8607188703465982 0.5630787037037037 0.08600770218228498 0.02199074074074074
10 0.7901155327342747 0.7615740740740741 0.2811296534017972 0.19675925925925927
0 0.6123234916559692 0.4074074074074074 0.14890885750962773 0.12962962962962962
13 0.8029525032092426 0.5995370370370371 0.19127086007702182 0.11574074074074074
10 0.7843388960205392 0.7361111111111112 0.2798459563543004 0.24074074074074073
7 0.7541720154043645 0.6221064814814815 0.15789473684210525 0.15393518518518517
4 0.7836970474967908 0.609375 0.0834403080872914 0.10300925925925926
13 0.8510911424903723 0.5619212962962963 0.0975609756097561 0.028935185185185185
