11 0.12760416666666666 0.5067708333333333 0.07291666666666667 0.07604166666666666
9 0.2819010416666667 0.40989583333333335 0.12630208333333334 0.15104166666666666
10 0.12760416666666666 0.5067708333333333 0.07291666666666667 0.07604166666666666
0 0.5598958333333334 0.27760416666666665 0.1015625 0.090625
1 0.2734375 0.39739583333333334 0.15104166666666666 0.190625
11 0.6751302083333334 0.11302083333333333 0.18619791666666666 0.084375
3 0.5345052083333334 0.5229166666666667 0.48046875 0.14375
13 0.2734375 0.39739583333333334 0.15104166666666666 0.190625
11 0.3001302083333333 0.11510416666666666 0.09765625 0.03854166666666667
3 0.5364583333333334 0.4947916666666667 0.4427083333333333 0.15208333333333332
0 0.556640625 0.27291666666666664 0.10807291666666667 0.07708333333333334
11 0.7024739583333334 0.11458333333333333 0.10807291666666667 0.06458333333333334
10 0.18033854166666666 0.5104166666666666 0.16276041666666666 0.18958333333333333
13 0.2825520833333333 0.3927083333333333 0.14583333333333334 0.16666666666666666
6 0.23893229166666666 0.44895833333333335 0.20442708333333334 0.08333333333333333
11 0.18033854166666666 0.5104166666666666 0.16276041666666666 0.18958333333333333
11 0.7122395833333334 0.11979166666666667 0.09114583333333333 0.058333333333333334
