0 0.5615234375 0.28515625 0.16015625 0.158203125
6 0.38427734375 0.49658203125 0.2119140625 0.2138671875
13 0.78271484375 0.4404296875 0.2119140625 0.279296875
3 0.62451171875 0.49365234375 0.3017578125 0.1318359375
8 0.39306640625 0.337890625 0.0205078125 0.017578125
11 0.65869140625 0.11474609375 0.1220703125 0.0263671875
7 0.84033203125 0.4990234375 0.1044921875 0.173828125
6 0.3798828125 0.5322265625 0.25 0.21484375
5 0.3544921875 0.37646484375 0.1640625 0.4228515625
11 0.80859375 0.32080078125 0.064453125 0.1123046875
6 0.7861328125 0.4794921875 0.25 0.224609375
6 0.75048828125 0.36767578125 0.1142578125 0.0927734375
7 0.75048828125 0.36767578125 0.1142578125 0.0927734375
0 0.58984375 0.24169921875 0.111328125 0.0927734375
8 0.3232421875 0.40478515625 0.02734375 0.0166015625
6 0.78271484375 0.4404296875 0.2119140625 0.279296875
13 0.74658203125 0.36572265625 0.1357421875 0.0478515625
