3 0.6451822916666666 0.66875 0.4778645833333333 0.12291666666666666
8 0.3235677083333333 0.2453125 0.014322916666666666 0.013541666666666667
10 0.8912760416666666 0.7151041666666667 0.040364583333333336 0.05520833333333333
8 0.32421875 0.2453125 0.015625 0.015625
0 0.5859375 0.32447916666666665 0.14322916666666666 0.14270833333333333
3 0.6178385416666666 0.6838541666666667 0.5143229166666666 0.17604166666666668
11 0.890625 0.7140625 0.0390625 0.065625
3 0.634765625 0.659375 0.4830729166666667 0.18333333333333332
7 0.65234375 0.33125 0.13020833333333334 0.2708333333333333
10 0.890625 0.7140625 0.0390625 0.065625
11 0.8912760416666666 0.7151041666666667 0.040364583333333336 0.05520833333333333
0 0.587890625 0.353125 0.14192708333333334 0.18958333333333333
