8 0.3229166666666667 0.3625 0.06510416666666667 0.04375
8 0.6041666666666666 0.41822916666666665 0.11197916666666667 0.15520833333333334
8 0.6966145833333334 0.553125 0.09895833333333333 0.10625
8 0.6822916666666666 0.7005208333333334 0.059895833333333336 0.057291666666666664
8 0.697265625 0.5505208333333333 0.09765625 0.10729166666666666
11 0.359375 0.18072916666666666 0.171875 0.03229166666666667
8 0.302734375 0.284375 0.040364583333333336 0.03333333333333333
13 0.6822916666666666 0.7005208333333334 0.059895833333333336 0.057291666666666664
4 0.6979166666666666 0.5505208333333333 0.10416666666666667 0.11145833333333334
8 0.5852864583333334 0.3729166666666667 0.07161458333333333 0.09166666666666666
11 0.6321614583333334 0.21041666666666667 0.18359375 0.07916666666666666
8 0.3020833333333333 0.2833333333333333 0.0390625 0.029166666666666667
8 0.16145833333333334 0.41302083333333334 0.0234375 0.021875
7 0.2578125 0.44427083333333334 0.23697916666666666 0.07395833333333333
4 0.6041666666666666 0.41822916666666665 0.11197916666666667 0.15520833333333334
10 0.057291666666666664 0.8166666666666667 0.03125 0.04583333333333333
8 0.6979166666666666 0.5505208333333333 0.10416666666666667 0.11145833333333334
11 0.6256510416666666 0.18645833333333334 0.17057291666666666 0.07291666666666667
7 0.6041666666666666 0.41822916666666665 0.11197916666666667 0.15520833333333334
0 0.5442708333333334 0.34479166666666666 0.12239583333333333 0.12916666666666668
10 0.056640625 0.8192708333333333 0.048177083333333336 0.042708333333333334
13 0.6764322916666666 0.3380208333333333 0.12369791666666667 0.13854166666666667
11 0.34765625 0.18385416666666668 0.1484375 0.036458333333333336
11 0.61328125 0.18125 0.16145833333333334 0.04583333333333333
0 0.5494791666666666 0.34739583333333335 0.12239583333333333 0.13229166666666667
11 0.057291666666666664 0.8166666666666667 0.03125 0.04583333333333333
8 0.287109375 0.4479166666666667 0.05859375 0.04791666666666667
8 0.32421875 0.36302083333333335 0.059895833333333336 0.042708333333333334
8 0.7610677083333334 0.4083333333333333 0.02734375 0.01875
11 0.3515625 0.18333333333333332 0.1640625 0.03125
11 0.056640625 0.8192708333333333 0.048177083333333336 0.042708333333333334
