0 0.574468085106383 0.3081232492997199 0.1276595744680851 0.09523809523809523
4 0.2772215269086358 0.430905695611578 0.27909887359199 0.3930905695611578
9 0.03128911138923655 0.6760037348272643 0.05506883604505632 0.11017740429505135
7 0.2828535669586984 0.4458450046685341 0.28035043804755944 0.37068160597572364
12 0.2934918648310388 0.2096171802054155 0.24405506883604505 0.14285714285714285
7 0.2772215269086358 0.430905695611578 0.27909887359199 0.3930905695611578
4 0.2828535669586984 0.4458450046685341 0.28035043804755944 0.37068160597572364
10 0.09637046307884856 0.7703081232492998 0.02252816020025031 0.03361344537815126
4 0.27909887359199 0.42296918767507 0.24780976220275344 0.2931839402427638
11 0.09637046307884856 0.7703081232492998 0.02252816020025031 0.03361344537815126
