13 0.22012578616352202 0.41357421875 0.11530398322851153 0.0947265625
8 0.25733752620545075 0.25341796875 0.011530398322851153 0.0126953125
8 0.2190775681341719 0.41796875 0.023060796645702306 0.013671875
11 0.37368972746331236 0.13232421875 0.06813417190775681 0.0244140625
8 0.2531446540880503 0.40283203125 0.01781970649895178 0.0146484375
11 0.790356394129979 0.90673828125 0.08385744234800839 0.1201171875
8 0.25681341719077566 0.21875 0.016771488469601678 0.01171875
11 0.16247379454926625 0.8671875 0.09014675052410902 0.09375
13 0.20859538784067086 0.39013671875 0.14255765199161424 0.0498046875
11 0.14098532494758909 0.86328125 0.08909853249475891 0.109375
11 0.12421383647798742 0.873046875 0.13522012578616352 0.142578125
11 0.20335429769392033 0.2265625 0.03563941299790356 0.076171875
13 0.7028301886792453 0.533203125 0.16037735849056603 0.078125
8 0.24528301886792453 0.263671875 0.012578616352201259 0.01171875
13 0.23951781970649896 0.42919921875 0.057651991614255764 0.0751953125
10 0.7914046121593291 0.87939453125 0.0649895178197065 0.0693359375
8 0.2809224318658281 0.23681640625 0.018867924528301886 0.0126953125
10 0.7735849056603774 0.8984375 0.0859538784067086 0.1015625
11 0.20230607966457023 0.23486328125 0.05660377358490566 0.0966796875
11 0.620020964360587 0.13623046875 0.08280922431865828 0.0205078125
11 0.7735849056603774 0.8984375 0.0859538784067086 0.1015625
13 0.2578616352201258 0.24609375 0.07127882599580712 0.060546875
10 0.16247379454926625 0.8671875 0.09014675052410902 0.09375
8 0.25943396226415094 0.45703125 0.019916142557651992 0.015625
11 0.7914046121593291 0.87939453125 0.0649895178197065 0.0693359375
10 0.790356394129979 0.90673828125 0.08385744234800839 0.1201171875
10 0.14098532494758909 0.86328125 0.08909853249475891 0.109375
13 0.2583857442348008 0.24462890625 0.04716981132075472 0.0537109375
10 0.12421383647798742 0.873046875 0.13522012578616352 0.142578125
