11 0.8976083707025411 0.8768873403019745 0.07025411061285501 0.07665505226480836
10 0.12257100149476831 0.8002322880371661 0.07473841554559044 0.06968641114982578
10 0.11061285500747384 0.7903600464576074 0.07772795216741404 0.11033681765389082
10 0.8774289985052317 0.8583042973286876 0.08968609865470852 0.06736353077816493
3 0.6068759342301944 0.29210220673635306 0.13153961136023917 0.10104529616724739
11 0.8774289985052317 0.8583042973286876 0.08968609865470852 0.06736353077816493
10 0.8976083707025411 0.8768873403019745 0.07025411061285501 0.07665505226480836
8 0.47159940209267565 0.14576074332171893 0.01943198804185351 0.019744483159117306
11 0.11808669656203288 0.7932636469221835 0.026905829596412557 0.032520325203252036
9 0.47159940209267565 0.14576074332171893 0.01943198804185351 0.019744483159117306
11 0.11061285500747384 0.7903600464576074 0.07772795216741404 0.11033681765389082
11 0.8923766816143498 0.8623693379790941 0.03587443946188341 0.029036004645760744
11 0.12257100149476831 0.8002322880371661 0.07473841554559044 0.06968641114982578
