13 0.766548463356974 0.45849609375 0.1950354609929078 0.3388671875
0 0.5632387706855791 0.29736328125 0.13829787234042554 0.1357421875
13 0.2576832151300236 0.43017578125 0.3073286052009456 0.3818359375
5 0.7340425531914894 0.45849609375 0.2718676122931442 0.3974609375
5 0.22635933806146571 0.44580078125 0.22104018912529552 0.3115234375
9 0.766548463356974 0.45849609375 0.1950354609929078 0.3388671875
0 0.5691489361702128 0.28076171875 0.10756501182033097 0.0927734375
5 0.2576832151300236 0.43017578125 0.3073286052009456 0.3818359375
13 0.22635933806146571 0.44580078125 0.22104018912529552 0.3115234375
5 0.766548463356974 0.45849609375 0.1950354609929078 0.3388671875
5 0.26773049645390073 0.43896484375 0.2777777777777778 0.3427734375
5 0.7358156028368794 0.47509765625 0.2635933806146572 0.4169921875
