2 0.15699052132701422 0.4891416752843847 0.02014218009478673 0.016546018614270942
2 0.7120853080568721 0.6282316442605997 0.023696682464454975 0.017580144777662874
7 0.3287914691943128 0.21509824198552224 0.2523696682464455 0.21302998965873837
4 0.3424170616113744 0.2156153050672182 0.2132701421800948 0.2326783867631851
8 0.7144549763033176 0.6251292657704239 0.026066350710900472 0.017580144777662874
1 0.3287914691943128 0.21509824198552224 0.2523696682464455 0.21302998965873837
1 0.3281990521327014 0.23164426059979318 0.21800947867298578 0.2419855222337125
8 0.15758293838862558 0.4870734229576008 0.014218009478672985 0.01861427094105481
7 0.3424170616113744 0.2156153050672182 0.2132701421800948 0.2326783867631851
8 0.6433649289099526 0.5263702171664943 0.04265402843601896 0.05377456049638056
1 0.3424170616113744 0.2156153050672182 0.2132701421800948 0.2326783867631851
2 0.6404028436018957 0.5284384694932782 0.04383886255924171 0.045501551189245086
