0 0.6516927083333334 0.3536458333333333 0.09765625 0.09895833333333333
10 0.8795572916666666 0.6942708333333333 0.07421875 0.071875
7 0.33203125 0.5552083333333333 0.14583333333333334 0.10833333333333334
4 0.3209635416666667 0.32760416666666664 0.07942708333333333 0.053125
11 0.375 0.18645833333333334 0.1640625 0.05625
8 0.3157552083333333 0.3333333333333333 0.055989583333333336 0.04375
7 0.3157552083333333 0.3333333333333333 0.055989583333333336 0.04375
11 0.1328125 0.6276041666666666 0.07291666666666667 0.10520833333333333
11 0.3815104166666667 0.184375 0.15885416666666666 0.05
8 0.3209635416666667 0.32760416666666664 0.07942708333333333 0.053125
0 0.6354166666666666 0.3770833333333333 0.11979166666666667 0.12083333333333333
8 0.3190104166666667 0.33177083333333335 0.06510416666666667 0.040625
13 0.34375 0.28125 0.17708333333333334 0.15625
11 0.8795572916666666 0.6942708333333333 0.07421875 0.071875
7 0.32421875 0.553125 0.2578125 0.12708333333333333
6 0.3294270833333333 0.5614583333333333 0.16666666666666666 0.10833333333333334
11 0.38671875 0.18333333333333332 0.1640625 0.035416666666666666
6 0.345703125 0.340625 0.16796875 0.17916666666666667
10 0.1328125 0.6276041666666666 0.07291666666666667 0.10520833333333333
6 0.33203125 0.5552083333333333 0.14583333333333334 0.10833333333333334
