10 0.9100850546780073 0.8482642777155656 0.12879708383961117 0.05039193729003359
2 0.6263669501822601 0.23908174692049272 0.11543134872417983 0.10638297872340426
10 0.1330498177399757 0.7872340425531915 0.07411907654921021 0.04479283314669653
0 0.6044957472660997 0.2687569988801792 0.19562575941676794 0.17469204927211646
10 0.12393681652490887 0.7374020156774916 0.10692588092345079 0.0929451287793953
5 0.7916160388821385 0.7833146696528556 0.26123936816524906 0.11534154535274356
5 0.824422843256379 0.7945128779395296 0.20048602673147023 0.13101903695408734
10 0.19319562575941676 0.7905935050391937 0.3110571081409477 0.2127659574468085
10 0.8268529769137303 0.8185890257558791 0.25394896719319565 0.21500559910414332
5 0.2448359659781288 0.706047032474804 0.25880923450789795 0.09742441209406495
9 0.3778857837181045 0.4048152295632699 0.20413122721749696 0.6304591265397537
9 0.4471445929526124 0.43729003359462487 0.4131227217496962 0.8365061590145577
2 0.6208991494532199 0.2541993281075028 0.14580801944106925 0.16573348264277715
11 0.3827460510328068 0.09798432250839866 0.11421628189550426 0.06159014557670773
9 0.405224787363305 0.43001119820828665 0.212636695018226 0.5487122060470325
