10 0.09309895833333333 0.8145833333333333 0.07942708333333333 0.08958333333333333
9 0.6015625 0.32864583333333336 0.036458333333333336 0.015625
13 0.68359375 0.5166666666666667 0.10416666666666667 0.0625
10 0.091796875 0.8109375 0.07942708333333333 0.10520833333333333
11 0.703125 0.8385416666666666 0.13020833333333334 0.0625
1 0.2916666666666667 0.3411458333333333 0.17447916666666666 0.21354166666666666
13 0.2916666666666667 0.3411458333333333 0.17447916666666666 0.21354166666666666
2 0.7005208333333334 0.8421875 0.1171875 0.04895833333333333
11 0.091796875 0.8109375 0.07942708333333333 0.10520833333333333
10 0.109375 0.815625 0.08333333333333333 0.0625
11 0.2779947916666667 0.7567708333333333 0.16276041666666666 0.078125
2 0.6985677083333334 0.8447916666666667 0.13671875 0.04375
13 0.7135416666666666 0.49114583333333334 0.10677083333333333 0.08229166666666667
11 0.09309895833333333 0.8145833333333333 0.07942708333333333 0.08958333333333333
11 0.751953125 0.8526041666666667 0.07161458333333333 0.10729166666666666
13 0.6184895833333334 0.33229166666666665 0.1640625 0.1375
9 0.400390625 0.3453125 0.15755208333333334 0.26145833333333335
9 0.392578125 0.25885416666666666 0.03515625 0.026041666666666668
13 0.29296875 0.39114583333333336 0.15104166666666666 0.090625
9 0.4069010416666667 0.28489583333333335 0.12369791666666667 0.165625
7 0.6197916666666666 0.2953125 0.19270833333333334 0.09270833333333334
11 0.3203125 0.28541666666666665 0.234375 0.12291666666666666
10 0.7194010416666666 0.8364583333333333 0.09244791666666667 0.08125
11 0.6790364583333334 0.30052083333333335 0.11328125 0.109375
1 0.302734375 0.3020833333333333 0.18359375 0.13541666666666666
13 0.7233072916666666 0.4895833333333333 0.05078125 0.05416666666666667
