13 0.30268817204301074 0.4410569105691057 0.08494623655913978 0.06910569105691057
0 0.5559139784946237 0.30640243902439024 0.13118279569892474 0.11483739837398374
13 0.3032258064516129 0.43597560975609756 0.08387096774193549 0.08333333333333333
13 0.3010752688172043 0.5995934959349594 0.07526881720430108 0.2459349593495935
3 0.6075268817204301 0.6544715447154471 0.45161290322580644 0.1483739837398374
3 0.6102150537634409 0.6514227642276422 0.45268817204301076 0.14634146341463414
3 0.6080645161290322 0.6351626016260162 0.45268817204301076 0.18292682926829268
7 0.2725806451612903 0.6001016260162602 0.06344086021505377 0.051829268292682924
13 0.3263440860215054 0.5767276422764228 0.03333333333333333 0.14329268292682926
13 0.2956989247311828 0.429369918699187 0.07741935483870968 0.0701219512195122
7 0.20268817204301076 0.6051829268292683 0.05698924731182796 0.037601626016260166
13 0.19408602150537635 0.4557926829268293 0.08064516129032258 0.02540650406504065
13 0.22204301075268817 0.5813008130081301 0.0978494623655914 0.0508130081300813
11 0.13010752688172042 0.6585365853658537 0.07096774193548387 0.11991869918699187
13 0.2306451612903226 0.5853658536585366 0.05053763440860215 0.036585365853658534
