13 0.3241106719367589 0.21156661786237188 0.3188405797101449 0.26207906295754024
5 0.3194993412384717 0.19838945827232796 0.30434782608695654 0.19472913616398244
11 0.8741765480895916 0.8191800878477306 0.12779973649538867 0.13323572474377746
11 0.27009222661396576 0.19546120058565153 0.12121212121212122 0.16251830161054173
2 0.7793148880105402 0.7635431918008785 0.08827404479578392 0.060029282576866766
11 0.3241106719367589 0.21156661786237188 0.3188405797101449 0.26207906295754024
1 0.3241106719367589 0.21156661786237188 0.3188405797101449 0.26207906295754024
0 0.5520421607378129 0.3374816983894583 0.2898550724637681 0.2796486090775988
13 0.3194993412384717 0.19838945827232796 0.30434782608695654 0.19472913616398244
13 0.33794466403162055 0.24377745241581258 0.11989459815546773 0.16251830161054173
2 0.33794466403162055 0.24377745241581258 0.11989459815546773 0.16251830161054173
0 0.5619235836627141 0.3067349926793558 0.29117259552042163 0.20644216691068815
3 0.6080368906455863 0.6793557833089312 0.5625823451910409 0.2752562225475842
