8 0.2551928783382789 0.26482758620689656 0.24925816023738873 0.22344827586206897
6 0.25741839762611274 0.2731034482758621 0.20919881305637983 0.21793103448275863
7 0.25148367952522255 0.26689655172413795 0.25667655786350146 0.2496551724137931
7 0.7240356083086054 0.3331034482758621 0.16023738872403562 0.17793103448275863
13 0.7114243323442137 0.33241379310344826 0.16172106824925817 0.14344827586206896
6 0.2551928783382789 0.26482758620689656 0.24925816023738873 0.22344827586206897
13 0.25741839762611274 0.2731034482758621 0.20919881305637983 0.21793103448275863
6 0.7240356083086054 0.3331034482758621 0.16023738872403562 0.17793103448275863
6 0.7255192878338279 0.3158620689655172 0.19584569732937684 0.1986206896551724
7 0.7255192878338279 0.3158620689655172 0.19584569732937684 0.1986206896551724
6 0.25148367952522255 0.26689655172413795 0.25667655786350146 0.2496551724137931
