13 0.3645833333333333 0.4203125 0.057291666666666664 0.090625
3 0.5690104166666666 0.6541666666666667 0.4348958333333333 0.10416666666666667
13 0.298828125 0.33177083333333335 0.28515625 0.25729166666666664
13 0.318359375 0.34479166666666666 0.17578125 0.24791666666666667
3 0.5677083333333334 0.6838541666666667 0.4401041666666667 0.13854166666666667
13 0.65625 0.2916666666666667 0.16145833333333334 0.13958333333333334
9 0.5065104166666666 0.49895833333333334 0.1484375 0.4166666666666667
13 0.3014322916666667 0.3296875 0.24869791666666666 0.21770833333333334
13 0.6373697916666666 0.31354166666666666 0.09765625 0.08958333333333333
13 0.6458333333333334 0.3380208333333333 0.09895833333333333 0.12395833333333334
3 0.5670572916666666 0.6447916666666667 0.44921875 0.10625
0 0.55859375 0.36770833333333336 0.10416666666666667 0.10833333333333334
