7 0.4375 0.29791666666666666 0.11458333333333333 0.09791666666666667
7 0.24869791666666666 0.5822916666666667 0.3229166666666667 0.22916666666666666
9 0.6106770833333334 0.375 0.109375 0.09375
4 0.2643229166666667 0.5442708333333334 0.3307291666666667 0.33645833333333336
7 0.2643229166666667 0.5442708333333334 0.3307291666666667 0.33645833333333336
4 0.24869791666666666 0.5822916666666667 0.3229166666666667 0.22916666666666666
8 0.2897135416666667 0.5447916666666667 0.24609375 0.15416666666666667
10 0.08658854166666667 0.7125 0.055989583333333336 0.05416666666666667
0 0.6119791666666666 0.37395833333333334 0.11458333333333333 0.14583333333333334
7 0.4322916666666667 0.29739583333333336 0.11979166666666667 0.128125
8 0.4244791666666667 0.290625 0.1171875 0.08541666666666667
8 0.6106770833333334 0.375 0.109375 0.09375
11 0.08658854166666667 0.7125 0.055989583333333336 0.05416666666666667
9 0.4244791666666667 0.290625 0.1171875 0.08541666666666667
9 0.2421875 0.603125 0.3203125 0.26458333333333334
