9 0.516548463356974 0.4619140625 0.0851063829787234 0.41015625
13 0.3185579196217494 0.2529296875 0.057919621749408984 0.060546875
2 0.30319148936170215 0.2685546875 0.07446808510638298 0.09765625
0 0.5921985815602837 0.2666015625 0.10401891252955082 0.087890625
13 0.29609929078014185 0.2705078125 0.06973995271867613 0.09375
9 0.5029550827423168 0.39013671875 0.07446808510638298 0.3623046875
11 0.42021276595744683 0.1279296875 0.15484633569739953 0.021484375
7 0.3185579196217494 0.2529296875 0.057919621749408984 0.060546875
13 0.30319148936170215 0.2685546875 0.07446808510638298 0.09765625
9 0.516548463356974 0.341796875 0.13947990543735225 0.4765625
11 0.42907801418439717 0.123046875 0.12529550827423167 0.033203125
