3 0.6041666666666666 0.5958333333333333 0.3723958333333333 0.13125
7 0.8092447916666666 0.5578125 0.16796875 0.184375
11 0.37890625 0.14166666666666666 0.08854166666666667 0.01875
11 0.3404947916666667 0.15677083333333333 0.11848958333333333 0.059375
10 0.8587239583333334 0.6442708333333333 0.06380208333333333 0.078125
13 0.8177083333333334 0.6 0.044270833333333336 0.09791666666666667
11 0.8587239583333334 0.6442708333333333 0.06380208333333333 0.078125
11 0.337890625 0.16145833333333334 0.11848958333333333 0.0625
7 0.8046875 0.5651041666666666 0.1875 0.20104166666666667
13 0.8190104166666666 0.5817708333333333 0.09375 0.103125
