11 0.11680761099365751 0.8465485074626866 0.06236786469344609 0.10914179104477612
7 0.6775898520084567 0.3302238805970149 0.11839323467230443 0.13992537313432835
10 0.11680761099365751 0.8465485074626866 0.06236786469344609 0.10914179104477612
11 0.34936575052854124 0.14692164179104478 0.13847780126849896 0.03451492537313433
11 0.11945031712473574 0.8344216417910447 0.06342494714587738 0.10167910447761194
11 0.6527484143763214 0.14598880597014927 0.1321353065539112 0.025186567164179104
10 0.17230443974630022 0.8404850746268657 0.19027484143763213 0.09328358208955224
10 0.7362579281183932 0.5065298507462687 0.29704016913319237 0.6567164179104478
10 0.11945031712473574 0.8344216417910447 0.06342494714587738 0.10167910447761194
7 0.3202959830866808 0.667910447761194 0.08668076109936575 0.125
9 0.29651162790697677 0.8017723880597015 0.3498942917547569 0.11847014925373134
0 0.5480972515856237 0.355410447761194 0.15327695560253699 0.14738805970149255
11 0.6728329809725159 0.14225746268656717 0.14059196617336153 0.04197761194029851
11 0.3313953488372093 0.15671641791044777 0.10042283298097252 0.04477611940298507
10 0.709830866807611 0.49347014925373134 0.3879492600422833 0.5802238805970149
10 0.7235729386892178 0.511660447761194 0.3752642706131078 0.6781716417910447
7 0.29651162790697677 0.8017723880597015 0.3498942917547569 0.11847014925373134
