10 0.8984468339307049 0.705586592178771 0.054958183990442055 0.10167597765363129
11 0.8984468339307049 0.705586592178771 0.054958183990442055 0.10167597765363129
11 0.8942652329749103 0.6860335195530727 0.04659498207885305 0.0670391061452514
0 0.5842293906810035 0.42569832402234636 0.15531660692951016 0.1653631284916201
11 0.8882915173237754 0.693854748603352 0.08004778972520908 0.0782122905027933
11 0.35842293906810035 0.20446927374301677 0.1027479091995221 0.0223463687150838
0 0.581242532855436 0.41620111731843573 0.15890083632019117 0.1553072625698324
8 0.32616487455197135 0.2837988826815642 0.052568697729988054 0.05139664804469274
8 0.32198327359617684 0.28435754189944135 0.05854241338112306 0.04581005586592179
8 0.3225806451612903 0.2860335195530726 0.04778972520908005 0.049162011173184354
0 0.5866188769414575 0.4083798882681564 0.14336917562724014 0.13966480446927373
10 0.8882915173237754 0.693854748603352 0.08004778972520908 0.0782122905027933
