13 0.6080729166666666 0.1734375 0.036458333333333336 0.17395833333333333
13 0.6061197916666666 0.1484375 0.029947916666666668 0.096875
8 0.109375 0.4901041666666667 0.036458333333333336 0.015625
0 0.5201822916666666 0.25625 0.11588541666666667 0.1
9 0.11263020833333333 0.49166666666666664 0.032552083333333336 0.016666666666666666
0 0.5201822916666666 0.28489583333333335 0.17057291666666666 0.171875
3 0.5052083333333334 0.5979166666666667 0.4739583333333333 0.16666666666666666
13 0.6751302083333334 0.1875 0.029947916666666668 0.058333333333333334
13 0.6197916666666666 0.16302083333333334 0.11979166666666667 0.090625
0 0.5384114583333334 0.271875 0.13151041666666666 0.1375
11 0.306640625 0.09270833333333334 0.10026041666666667 0.016666666666666666
8 0.11067708333333333 0.4901041666666667 0.026041666666666668 0.019791666666666666
13 0.671875 0.19947916666666668 0.036458333333333336 0.09270833333333334
2 0.11067708333333333 0.4901041666666667 0.026041666666666668 0.019791666666666666
