11 0.8987771739130435 0.8677455357142857 0.06385869565217392 0.07477678571428571
10 0.8926630434782609 0.8772321428571429 0.08695652173913043 0.08705357142857142
10 0.8987771739130435 0.8677455357142857 0.06385869565217392 0.07477678571428571
13 0.3226902173913043 0.34933035714285715 0.33016304347826086 0.3705357142857143
4 0.30434782608695654 0.38392857142857145 0.30978260869565216 0.39955357142857145
11 0.8865489130434783 0.8699776785714286 0.08831521739130435 0.07477678571428571
13 0.30434782608695654 0.38392857142857145 0.30978260869565216 0.39955357142857145
1 0.30434782608695654 0.38392857142857145 0.30978260869565216 0.39955357142857145
11 0.19089673913043478 0.8364955357142857 0.1480978260869565 0.12165178571428571
13 0.7880434782608695 0.26004464285714285 0.16032608695652173 0.08705357142857142
10 0.8865489130434783 0.8699776785714286 0.08831521739130435 0.07477678571428571
4 0.3267663043478261 0.2265625 0.2105978260869565 0.09821428571428571
13 0.7717391304347826 0.25948660714285715 0.20923913043478262 0.10602678571428571
11 0.8926630434782609 0.8772321428571429 0.08695652173913043 0.08705357142857142
11 0.16847826086956522 0.8387276785714286 0.11956521739130435 0.09486607142857142
10 0.1453804347826087 0.8303571428571429 0.059782608695652176 0.05357142857142857
13 0.19972826086956522 0.4302455357142857 0.11956521739130435 0.15736607142857142
10 0.16847826086956522 0.8387276785714286 0.11956521739130435 0.09486607142857142
1 0.328804347826087 0.22600446428571427 0.1956521739130435 0.11272321428571429
11 0.1453804347826087 0.8303571428571429 0.059782608695652176 0.05357142857142857
10 0.19089673913043478 0.8364955357142857 0.1480978260869565 0.12165178571428571
13 0.7900815217391305 0.3169642857142857 0.2269021739130435 0.234375
7 0.3267663043478261 0.2265625 0.2105978260869565 0.09821428571428571
